17 -0.000069 -0.000000 0.000003 0.000004 0.000003 0.000003 0.000004 0.000003 0.000004 0.000003 0.000002 0.000004 0.000004 0.000003 0.000002 0.000002 0.000005 0.000002 0.000003 0.000004 0.000002 0.000002 0.000002 0.000003 0.000002
17 -0.000070 -0.000002 0.000003 0.000004 0.000004 0.000003 0.000003 0.000003 0.000004 0.000002 0.000002 0.000003 0.000004 0.000002 0.000003 0.000003 0.000005 0.000004 0.000003 0.000003 0.000004 0.000002 0.000004 0.000003 0.000003
3 -0.000086 -0.000004 0.000009 0.000005 0.000006 0.000003 0.000004 0.000004 0.000004 0.000002 0.000002 0.000004 0.000006 0.000003 0.000004 0.000002 0.000005 0.000002 0.000003 0.000003 0.000006 0.000003 0.000003 0.000005 0.000005
21 -0.000062 0.000000 0.000003 0.000003 0.000003 0.000002 0.000002 0.000002 0.000002 0.000003 0.000003 0.000003 0.000003 0.000003 0.000001 0.000003 0.000002 0.000003 0.000003 0.000003 0.000004 0.000003 0.000003 0.000003 0.000003
19 -0.000062 0.000000 0.000002 0.000002 0.000003 0.000003 0.000003 0.000003 0.000003 0.000003 0.000003 0.000002 0.000002 0.000003 0.000002 0.000003 0.000003 0.000002 0.000003 0.000003 0.000003 0.000002 0.000002 0.000003 0.000003
3 -0.000074 -0.000001 0.000005 0.000004 0.000004 0.000003 0.000003 0.000004 0.000004 0.000003 0.000003 0.000003 0.000004 0.000002 0.000004 0.000002 0.000004 0.000003 0.000003 0.000003 0.000003 0.000002 0.000003 0.000004 0.000003
4 -0.000062 -0.000001 0.000002 0.000003 0.000003 0.000003 0.000003 0.000002 0.000002 0.000003 0.000002 0.000003 0.000003 0.000002 0.000003 0.000003 0.000003 0.000003 0.000003 0.000003 0.000003 0.000002 0.000003 0.000003 0.000003
8 -0.000069 0.000001 0.000003 0.000003 0.000004 0.000003 0.000003 0.000004 0.000003 0.000003 0.000002 0.000003 0.000003 0.000003 0.000004 0.000002 0.000003 0.000002 0.000003 0.000004 0.000003 0.000002 0.000003 0.000003 0.000003
8 -0.000069 -0.000001 0.000002 0.000003 0.000003 0.000003 0.000003 0.000006 0.000004 0.000002 0.000002 0.000004 0.000003 0.000003 0.000004 0.000003 0.000003 0.000002 0.000003 0.000003 0.000003 0.000003 0.000002 0.000003 0.000002
8 -0.000076 -0.000002 0.000003 0.000003 0.000004 0.000004 0.000003 0.000005 0.000004 0.000003 0.000002 0.000003 0.000004 0.000002 0.000003 0.000002 0.000004 0.000003 0.000004 0.000004 0.000003 0.000003 0.000004 0.000004 0.000003
17 -0.000071 0.000002 0.000002 0.000003 0.000003 0.000003 0.000004 0.000005 0.000002 0.000002 0.000002 0.000004 0.000003 0.000002 0.000003 0.000004 0.000005 0.000002 0.000003 0.000004 0.000003 0.000003 0.000003 0.000003 0.000002
15 -0.000063 0.000000 0.000002 0.000003 0.000002 0.000003 0.000003 0.000002 0.000002 0.000003 0.000003 0.000003 0.000003 0.000002 0.000004 0.000004 0.000002 0.000002 0.000003 0.000003 0.000003 0.000003 0.000002 0.000002 0.000002
15 -0.000072 0.000002 0.000003 0.000003 0.000002 0.000002 0.000003 0.000004 0.000002 0.000004 0.000003 0.000003 0.000003 0.000003 0.000006 0.000004 0.000002 0.000002 0.000002 0.000003 0.000004 0.000003 0.000003 0.000002 0.000003
17 -0.000068 -0.000003 0.000003 0.000004 0.000005 0.000003 0.000003 0.000004 0.000003 0.000002 0.000002 0.000003 0.000004 0.000003 0.000002 0.000002 0.000006 0.000002 0.000003 0.000003 0.000002 0.000002 0.000002 0.000003 0.000002
12 -0.000063 0.000001 0.000002 0.000003 0.000003 0.000003 0.000003 0.000002 0.000002 0.000002 0.000003 0.000004 0.000003 0.000003 0.000003 0.000003 0.000003 0.000003 0.000003 0.000003 0.000003 0.000002 0.000003 0.000002 0.000003
22 -0.000068 0.000000 0.000002 0.000004 0.000002 0.000002 0.000002 0.000003 0.000003 0.000003 0.000003 0.000003 0.000002 0.000003 0.000004 0.000003 0.000002 0.000003 0.000003 0.000003 0.000003 0.000006 0.000003 0.000002 0.000003
21 -0.000062 -0.000000 0.000002 0.000002 0.000003 0.000002 0.000002 0.000003 0.000002 0.000003 0.000004 0.000003 0.000002 0.000003 0.000003 0.000003 0.000002 0.000004 0.000003 0.000003 0.000004 0.000002 0.000003 0.000002 0.000003
3 -0.000068 -0.000000 0.000005 0.000003 0.000003 0.000003 0.000003 0.000003 0.000003 0.000003 0.000003 0.000003 0.000003 0.000003 0.000003 0.000002 0.000003 0.000003 0.000002 0.000003 0.000003 0.000003 0.000003 0.000003 0.000003
17 -0.000066 -0.000001 0.000004 0.000003 0.000003 0.000003 0.000003 0.000003 0.000002 0.000003 0.000002 0.000004 0.000004 0.000003 0.000002 0.000002 0.000004 0.000003 0.000003 0.000003 0.000003 0.000001 0.000002 0.000002 0.000002
18 -0.000062 0.000000 0.000003 0.000003 0.000002 0.000003 0.000002 0.000003 0.000003 0.000003 0.000003 0.000002 0.000003 0.000002 0.000002 0.000003 0.000002 0.000004 0.000003 0.000003 0.000003 0.000002 0.000003 0.000002 0.000003
3 -0.000073 0.000000 0.000005 0.000003 0.000004 0.000004 0.000003 0.000003 0.000003 0.000003 0.000002 0.000004 0.000003 0.000004 0.000002 0.000003 0.000003 0.000003 0.000003 0.000003 0.000003 0.000003 0.000003 0.000003 0.000003
12 -0.000067 0.000001 0.000003 0.000003 0.000002 0.000003 0.000003 0.000003 0.000002 0.000003 0.000002 0.000004 0.000003 0.000004 0.000003 0.000004 0.000002 0.000002 0.000003 0.000003 0.000003 0.000003 0.000002 0.000003 0.000003
17 -0.000079 -0.000001 0.000004 0.000004 0.000003 0.000002 0.000004 0.000005 0.000004 0.000002 0.000002 0.000005 0.000005 0.000003 0.000003 0.000003 0.000006 0.000002 0.000004 0.000003 0.000003 0.000003 0.000002 0.000004 0.000003
3 -0.000085 0.000001 0.000009 0.000004 0.000004 0.000002 0.000004 0.000005 0.000002 0.000003 0.000003 0.000004 0.000004 0.000003 0.000004 0.000003 0.000004 0.000002 0.000004 0.000004 0.000004 0.000002 0.000003 0.000004 0.000003
18 -0.000059 -0.000000 0.000003 0.000002 0.000002 0.000002 0.000002 0.000002 0.000002 0.000003 0.000003 0.000003 0.000003 0.000003 0.000002 0.000003 0.000002 0.000004 0.000003 0.000002 0.000003 0.000002 0.000003 0.000003 0.000003
9 -0.000069 0.000001 0.000004 0.000003 0.000004 0.000003 0.000003 0.000004 0.000004 0.000002 0.000002 0.000003 0.000003 0.000004 0.000002 0.000002 0.000003 0.000003 0.000003 0.000003 0.000002 0.000003 0.000002 0.000004 0.000003
5 -0.000056 0.000000 0.000002 0.000002 0.000004 0.000001 0.000003 0.000002 0.000003 0.000003 0.000003 0.000002 0.000002 0.000002 0.000002 0.000002 0.000001 0.000003 0.000002 0.000003 0.000002 0.000002 0.000003 0.000003 0.000003
18 -0.000058 -0.000000 0.000003 0.000003 0.000002 0.000002 0.000002 0.000003 0.000002 0.000003 0.000002 0.000002 0.000003 0.000003 0.000002 0.000003 0.000002 0.000004 0.000003 0.000002 0.000002 0.000001 0.000003 0.000003 0.000003
17 -0.000069 -0.000000 0.000003 0.000003 0.000003 0.000003 0.000003 0.000003 0.000002 0.000003 0.000003 0.000004 0.000003 0.000004 0.000002 0.000004 0.000005 0.000002 0.000003 0.000003 0.000002 0.000003 0.000003 0.000002 0.000003
9 -0.000064 -0.000000 0.000003 0.000003 0.000003 0.000003 0.000003 0.000003 0.000004 0.000003 0.000003 0.000003 0.000002 0.000003 0.000002 0.000002 0.000003 0.000003 0.000003 0.000003 0.000002 0.000002 0.000003 0.000003 0.000003
13 -0.000071 0.000000 0.000004 0.000004 0.000004 0.000004 0.000003 0.000002 0.000003 0.000003 0.000002 0.000003 0.000005 0.000002 0.000002 0.000002 0.000004 0.000003 0.000003 0.000003 0.000003 0.000005 0.000003 0.000003 0.000003
6 -0.000068 0.000000 0.000003 0.000003 0.000003 0.000005 0.000003 0.000003 0.000002 0.000003 0.000003 0.000003 0.000003 0.000003 0.000003 0.000003 0.000002 0.000003 0.000003 0.000003 0.000002 0.000002 0.000003 0.000003 0.000003
17 -0.000076 -0.000000 0.000003 0.000004 0.000005 0.000003 0.000002 0.000006 0.000004 0.000002 0.000001 0.000004 0.000003 0.000004 0.000002 0.000002 0.000007 0.000002 0.000004 0.000004 0.000002 0.000003 0.000002 0.000003 0.000002
21 -0.000062 -0.000001 0.000002 0.000003 0.000002 0.000002 0.000002 0.000003 0.000002 0.000003 0.000003 0.000002 0.000003 0.000002 0.000003 0.000003 0.000003 0.000003 0.000003 0.000004 0.000004 0.000002 0.000003 0.000002 0.000003
3 -0.000070 -0.000001 0.000005 0.000003 0.000004 0.000003 0.000003 0.000004 0.000004 0.000003 0.000003 0.000002 0.000004 0.000003 0.000002 0.000002 0.000004 0.000003 0.000003 0.000002 0.000003 0.000001 0.000003 0.000005 0.000003
4 -0.000070 -0.000002 0.000003 0.000005 0.000003 0.000003 0.000002 0.000004 0.000004 0.000003 0.000003 0.000003 0.000004 0.000002 0.000002 0.000002 0.000004 0.000003 0.000004 0.000004 0.000004 0.000002 0.000003 0.000004 0.000003
6 -0.000064 -0.000000 0.000002 0.000003 0.000003 0.000004 0.000003 0.000003 0.000003 0.000003 0.000003 0.000003 0.000003 0.000002 0.000003 0.000003 0.000003 0.000003 0.000003 0.000003 0.000003 0.000003 0.000003 0.000003 0.000003
17 -0.000070 -0.000000 0.000003 0.000002 0.000003 0.000002 0.000003 0.000005 0.000004 0.000002 0.000002 0.000003 0.000003 0.000002 0.000002 0.000002 0.000005 0.000003 0.000004 0.000003 0.000003 0.000002 0.000003 0.000004 0.000003
13 -0.000070 -0.000001 0.000003 0.000005 0.000004 0.000003 0.000003 0.000004 0.000004 0.000002 0.000002 0.000003 0.000005 0.000002 0.000003 0.000002 0.000003 0.000003 0.000002 0.000004 0.000004 0.000001 0.000003 0.000004 0.000003
17 -0.000091 0.000000 0.000005 0.000004 0.000002 0.000002 0.000003 0.000004 0.000001 0.000004 0.000002 0.000005 0.000004 0.000005 0.000003 0.000003 0.000017 0.000003 0.000004 0.000003 0.000002 0.000009 0.000002 0.000002 0.000002
5 -0.000082 -0.000001 0.000004 0.000002 0.000012 0.000002 0.000003 0.000008 0.000008 0.000001 0.000001 0.000003 0.000003 0.000002 0.000002 0.000001 0.000006 0.000001 0.000004 0.000003 0.000002 0.000003 0.000002 0.000009 0.000002
5 -0.000073 -0.000002 0.000003 0.000003 0.000006 0.000003 0.000003 0.000004 0.000006 0.000002 0.000001 0.000003 0.000004 0.000003 0.000002 0.000001 0.000004 0.000002 0.000004 0.000004 0.000002 0.000003 0.000003 0.000005 0.000003
8 -0.000070 -0.000001 0.000004 0.000003 0.000002 0.000003 0.000003 0.000005 0.000004 0.000003 0.000003 0.000003 0.000003 0.000003 0.000003 0.000003 0.000004 0.000002 0.000002 0.000004 0.000003 0.000002 0.000003 0.000003 0.000003
5 -0.000076 -0.000001 0.000004 0.000002 0.000008 0.000002 0.000002 0.000004 0.000007 0.000002 0.000001 0.000003 0.000003 0.000003 0.000002 0.000001 0.000006 0.000001 0.000004 0.000003 0.000002 0.000004 0.000003 0.000006 0.000003
9 -0.000076 -0.000000 0.000004 0.000003 0.000005 0.000003 0.000002 0.000005 0.000006 0.000002 0.000001 0.000004 0.000003 0.000004 0.000003 0.000002 0.000004 0.000002 0.000004 0.000004 0.000002 0.000003 0.000003 0.000004 0.000002
16 -0.000060 -0.000000 0.000003 0.000003 0.000003 0.000002 0.000003 0.000002 0.000002 0.000003 0.000003 0.000004 0.000003 0.000003 0.000003 0.000004 0.000003 0.000002 0.000002 0.000003 0.000002 0.000002 0.000002 0.000003 0.000003
9 -0.000064 -0.000000 0.000003 0.000002 0.000004 0.000002 0.000004 0.000002 0.000004 0.000002 0.000002 0.000003 0.000003 0.000003 0.000003 0.000002 0.000002 0.000003 0.000003 0.000003 0.000003 0.000003 0.000003 0.000003 0.000003
9 -0.000076 -0.000001 0.000004 0.000003 0.000005 0.000004 0.000003 0.000004 0.000006 0.000002 0.000002 0.000003 0.000003 0.000003 0.000003 0.000002 0.000004 0.000003 0.000004 0.000003 0.000003 0.000004 0.000003 0.000005 0.000003
9 -0.000069 -0.000000 0.000003 0.000003 0.000003 0.000003 0.000003 0.000003 0.000004 0.000003 0.000003 0.000003 0.000003 0.000002 0.000003 0.000002 0.000003 0.000004 0.000003 0.000003 0.000003 0.000001 0.000004 0.000004 0.000003
8 -0.000081 -0.000000 0.000004 0.000002 0.000007 0.000003 0.000004 0.000007 0.000006 0.000002 0.000002 0.000003 0.000003 0.000002 0.000003 0.000001 0.000007 0.000001 0.000003 0.000003 0.000003 0.000002 0.000003 0.000006 0.000003
13 -0.000074 -0.000002 0.000005 0.000003 0.000004 0.000003 0.000003 0.000004 0.000003 0.000002 0.000002 0.000003 0.000005 0.000002 0.000004 0.000002 0.000003 0.000003 0.000003 0.000003 0.000003 0.000003 0.000004 0.000004 0.000003
5 -0.000067 0.000001 0.000003 0.000003 0.000004 0.000004 0.000003 0.000002 0.000003 0.000002 0.000002 0.000002 0.000003 0.000002 0.000002 0.000002 0.000003 0.000003 0.000003 0.000003 0.000002 0.000003 0.000003 0.000004 0.000003
9 -0.000083 0.000001 0.000005 0.000003 0.000002 0.000005 0.000004 0.000003 0.000007 0.000003 0.000003 0.000004 0.000004 0.000002 0.000004 0.000002 0.000003 0.000002 0.000004 0.000003 0.000005 0.000003 0.000003 0.000004 0.000003
17 -0.000072 -0.000000 0.000004 0.000003 0.000004 0.000002 0.000004 0.000003 0.000004 0.000002 0.000002 0.000004 0.000003 0.000004 0.000004 0.000003 0.000005 0.000002 0.000003 0.000003 0.000003 0.000004 0.000002 0.000003 0.000002
8 -0.000070 -0.000001 0.000003 0.000003 0.000004 0.000004 0.000003 0.000005 0.000003 0.000002 0.000002 0.000003 0.000004 0.000003 0.000004 0.000002 0.000005 0.000004 0.000004 0.000003 0.000002 0.000002 0.000003 0.000003 0.000002
24 -0.000069 -0.000001 0.000004 0.000002 0.000003 0.000004 0.000003 0.000003 0.000003 0.000002 0.000002 0.000002 0.000003 0.000001 0.000002 0.000001 0.000003 0.000003 0.000003 0.000003 0.000004 0.000004 0.000004 0.000006 0.000003
9 -0.000067 0.000000 0.000003 0.000003 0.000003 0.000004 0.000002 0.000003 0.000004 0.000002 0.000002 0.000003 0.000003 0.000003 0.000004 0.000002 0.000002 0.000003 0.000002 0.000003 0.000003 0.000003 0.000003 0.000004 0.000003
3 -0.000075 0.000000 0.000010 0.000004 0.000003 0.000007 0.000003 0.000003 0.000005 0.000002 0.000001 0.000002 0.000007 0.000002 0.000001 0.000002 0.000004 0.000003 0.000002 0.000003 0.000002 0.000001 0.000003 0.000004 0.000002
5 -0.000064 -0.000001 0.000003 0.000002 0.000005 0.000002 0.000003 0.000003 0.000005 0.000002 0.000002 0.000003 0.000002 0.000003 0.000003 0.000002 0.000005 0.000002 0.000003 0.000004 0.000001 0.000002 0.000002 0.000003 0.000002
8 -0.000075 0.000000 0.000005 0.000003 0.000003 0.000002 0.000002 0.000005 0.000003 0.000003 0.000003 0.000002 0.000005 0.000002 0.000003 0.000002 0.000003 0.000004 0.000003 0.000003 0.000004 0.000002 0.000004 0.000005 0.000004
15 -0.000060 0.000002 0.000002 0.000002 0.000003 0.000001 0.000002 0.000001 0.000002 0.000003 0.000003 0.000003 0.000002 0.000003 0.000006 0.000005 0.000002 0.000002 0.000002 0.000003 0.000002 0.000002 0.000003 0.000001 0.000002
16 -0.000054 0.000001 0.000002 0.000002 0.000002 0.000002 0.000002 0.000001 0.000002 0.000003 0.000003 0.000003 0.000002 0.000003 0.000002 0.000004 0.000002 0.000002 0.000002 0.000002 0.000003 0.000002 0.000002 0.000002 0.000002
12 -0.000070 0.000001 0.000002 0.000003 0.000002 0.000002 0.000004 0.000003 0.000002 0.000004 0.000002 0.000004 0.000003 0.000004 0.000004 0.000003 0.000004 0.000002 0.000003 0.000003 0.000003 0.000004 0.000003 0.000003 0.000002
22 -0.000059 0.000000 0.000002 0.000003 0.000003 0.000002 0.000002 0.000002 0.000002 0.000002 0.000002 0.000004 0.000002 0.000003 0.000002 0.000003 0.000003 0.000003 0.000003 0.000003 0.000002 0.000006 0.000002 0.000002 0.000002
17 -0.000067 0.000002 0.000002 0.000002 0.000003 0.000001 0.000002 0.000001 0.000003 0.000003 0.000002 0.000003 0.000002 0.000003 0.000005 0.000003 0.000009 0.000001 0.000004 0.000004 0.000004 0.000003 0.000002 0.000002 0.000002
6 -0.000061 0.000001 0.000002 0.000003 0.000002 0.000004 0.000003 0.000002 0.000002 0.000003 0.000003 0.000003 0.000003 0.000003 0.000004 0.000003 0.000003 0.000002 0.000002 0.000003 0.000002 0.000002 0.000003 0.000002 0.000003
7 -0.000065 0.000000 0.000003 0.000002 0.000003 0.000003 0.000004 0.000003 0.000003 0.000002 0.000002 0.000003 0.000003 0.000003 0.000004 0.000003 0.000003 0.000002 0.000002 0.000003 0.000003 0.000003 0.000002 0.000003 0.000002
21 -0.000066 0.000001 0.000003 0.000004 0.000003 0.000004 0.000003 0.000003 0.000002 0.000003 0.000002 0.000003 0.000004 0.000002 0.000002 0.000003 0.000003 0.000003 0.000003 0.000003 0.000004 0.000002 0.000003 0.000003 0.000002
10 -0.000064 0.000001 0.000002 0.000003 0.000003 0.000003 0.000003 0.000002 0.000002 0.000004 0.000003 0.000003 0.000002 0.000002 0.000002 0.000003 0.000002 0.000002 0.000003 0.000003 0.000003 0.000004 0.000003 0.000003 0.000003
22 -0.000079 0.000002 0.000003 0.000003 0.000002 0.000002 0.000006 0.000003 0.000002 0.000004 0.000002 0.000005 0.000003 0.000006 0.000004 0.000005 0.000005 0.000001 0.000002 0.000003 0.000002 0.000006 0.000002 0.000002 0.000003
9 -0.000076 0.000000 0.000003 0.000003 0.000005 0.000003 0.000003 0.000004 0.000005 0.000003 0.000002 0.000003 0.000003 0.000002 0.000003 0.000002 0.000005 0.000003 0.000004 0.000003 0.000003 0.000003 0.000003 0.000005 0.000003
6 -0.000072 -0.000002 0.000002 0.000004 0.000003 0.000005 0.000003 0.000004 0.000003 0.000003 0.000002 0.000002 0.000004 0.000002 0.000003 0.000002 0.000003 0.000003 0.000005 0.000003 0.000003 0.000004 0.000003 0.000003 0.000004
9 -0.000068 0.000000 0.000004 0.000003 0.000003 0.000003 0.000003 0.000004 0.000005 0.000002 0.000002 0.000003 0.000003 0.000002 0.000002 0.000002 0.000004 0.000002 0.000002 0.000002 0.000002 0.000004 0.000003 0.000004 0.000003
9 -0.000072 0.000000 0.000003 0.000004 0.000005 0.000002 0.000002 0.000004 0.000007 0.000002 0.000001 0.000004 0.000002 0.000005 0.000002 0.000002 0.000004 0.000002 0.000004 0.000005 0.000002 0.000002 0.000002 0.000004 0.000003
8 -0.000071 0.000000 0.000002 0.000003 0.000004 0.000004 0.000005 0.000009 0.000003 0.000002 0.000001 0.000003 0.000003 0.000002 0.000004 0.000003 0.000004 0.000002 0.000002 0.000002 0.000002 0.000002 0.000002 0.000004 0.000002
8 -0.000067 -0.000001 0.000003 0.000004 0.000003 0.000003 0.000003 0.000004 0.000003 0.000002 0.000001 0.000004 0.000003 0.000003 0.000002 0.000002 0.000004 0.000003 0.000003 0.000003 0.000002 0.000002 0.000002 0.000003 0.000003
3 -0.000077 -0.000000 0.000007 0.000003 0.000004 0.000003 0.000003 0.000004 0.000004 0.000002 0.000002 0.000003 0.000004 0.000003 0.000004 0.000002 0.000003 0.000003 0.000004 0.000003 0.000003 0.000002 0.000003 0.000004 0.000004
9 -0.000091 -0.000005 0.000003 0.000004 0.000008 0.000005 0.000004 0.000005 0.000009 0.000003 0.000002 0.000003 0.000005 0.000003 0.000002 0.000002 0.000008 0.000003 0.000003 0.000004 0.000004 0.000002 0.000003 0.000006 0.000004
9 -0.000077 -0.000000 0.000002 0.000003 0.000005 0.000004 0.000003 0.000004 0.000007 0.000002 0.000002 0.000004 0.000002 0.000003 0.000002 0.000002 0.000006 0.000002 0.000004 0.000004 0.000003 0.000004 0.000002 0.000004 0.000003
22 -0.000060 -0.000001 0.000002 0.000002 0.000003 0.000003 0.000003 0.000003 0.000003 0.000002 0.000002 0.000003 0.000003 0.000003 0.000002 0.000002 0.000001 0.000003 0.000003 0.000002 0.000002 0.000006 0.000003 0.000003 0.000003
9 -0.000078 -0.000002 0.000005 0.000003 0.000005 0.000003 0.000004 0.000006 0.000010 0.000002 0.000001 0.000004 0.000002 0.000003 0.000002 0.000002 0.000006 0.000002 0.000004 0.000004 0.000002 0.000003 0.000003 0.000004 0.000002
24 -0.000077 -0.000000 0.000006 0.000004 0.000003 0.000004 0.000003 0.000006 0.000006 0.000002 0.000003 0.000002 0.000004 0.000001 0.000001 0.000001 0.000003 0.000002 0.000004 0.000003 0.000003 0.000002 0.000004 0.000008 0.000004
6 -0.000061 -0.000000 0.000003 0.000002 0.000002 0.000004 0.000002 0.000004 0.000002 0.000003 0.000004 0.000003 0.000002 0.000003 0.000002 0.000004 0.000002 0.000002 0.000002 0.000003 0.000003 0.000002 0.000002 0.000003 0.000003
22 -0.000078 0.000001 0.000003 0.000002 0.000005 0.000003 0.000005 0.000003 0.000005 0.000003 0.000002 0.000003 0.000002 0.000004 0.000003 0.000002 0.000004 0.000002 0.000005 0.000003 0.000003 0.000006 0.000003 0.000005 0.000003
9 -0.000071 0.000000 0.000004 0.000003 0.000004 0.000004 0.000003 0.000002 0.000004 0.000002 0.000002 0.000003 0.000004 0.000003 0.000002 0.000002 0.000003 0.000003 0.000003 0.000004 0.000003 0.000002 0.000003 0.000003 0.000003
9 -0.000065 -0.000001 0.000003 0.000004 0.000003 0.000004 0.000003 0.000003 0.000005 0.000002 0.000002 0.000003 0.000003 0.000002 0.000002 0.000002 0.000003 0.000003 0.000002 0.000002 0.000002 0.000002 0.000002 0.000003 0.000003
19 -0.000088 0.000001 0.000003 0.000004 0.000005 0.000002 0.000005 0.000004 0.000006 0.000002 0.000002 0.000002 0.000003 0.000002 0.000006 0.000002 0.000006 0.000003 0.000009 0.000004 0.000003 0.000004 0.000002 0.000005 0.000003
9 -0.000086 0.000000 0.000002 0.000003 0.000004 0.000004 0.000003 0.000006 0.000008 0.000004 0.000004 0.000002 0.000003 0.000003 0.000003 0.000003 0.000004 0.000003 0.000006 0.000003 0.000003 0.000004 0.000003 0.000005 0.000003
3 -0.000082 -0.000002 0.000007 0.000003 0.000005 0.000004 0.000003 0.000005 0.000006 0.000002 0.000002 0.000003 0.000005 0.000003 0.000002 0.000002 0.000006 0.000003 0.000003 0.000004 0.000003 0.000002 0.000003 0.000005 0.000003
24 -0.000076 -0.000001 0.000005 0.000003 0.000005 0.000003 0.000003 0.000005 0.000005 0.000002 0.000002 0.000003 0.000003 0.000003 0.000002 0.000002 0.000003 0.000004 0.000004 0.000003 0.000003 0.000002 0.000003 0.000005 0.000003
11 -0.000060 0.000000 0.000002 0.000003 0.000002 0.000002 0.000003 0.000002 0.000002 0.000003 0.000004 0.000002 0.000003 0.000002 0.000003 0.000003 0.000002 0.000002 0.000003 0.000003 0.000003 0.000002 0.000003 0.000003 0.000003
15 -0.000064 0.000001 0.000002 0.000003 0.000003 0.000002 0.000003 0.000003 0.000001 0.000003 0.000003 0.000004 0.000002 0.000003 0.000004 0.000003 0.000003 0.000002 0.000003 0.000003 0.000002 0.000003 0.000003 0.000002 0.000003
11 -0.000062 0.000001 0.000003 0.000003 0.000003 0.000003 0.000003 0.000002 0.000002 0.000003 0.000004 0.000002 0.000002 0.000003 0.000003 0.000003 0.000002 0.000002 0.000003 0.000003 0.000003 0.000001 0.000003 0.000003 0.000003
7 -0.000066 0.000000 0.000003 0.000003 0.000002 0.000003 0.000004 0.000002 0.000002 0.000004 0.000003 0.000004 0.000004 0.000004 0.000003 0.000004 0.000003 0.000003 0.000003 0.000003 0.000002 0.000004 0.000002 0.000002 0.000003
15 -0.000071 0.000001 0.000003 0.000003 0.000002 0.000003 0.000004 0.000002 0.000002 0.000004 0.000003 0.000004 0.000003 0.000004 0.000005 0.000004 0.000004 0.000002 0.000003 0.000003 0.000003 0.000002 0.000002 0.000002 0.000003
21 -0.000067 -0.000001 0.000003 0.000003 0.000003 0.000003 0.000003 0.000004 0.000003 0.000003 0.000003 0.000002 0.000003 0.000002 0.000002 0.000002 0.000002 0.000004 0.000003 0.000003 0.000004 0.000002 0.000003 0.000003 0.000003
15 -0.000058 0.000000 0.000002 0.000002 0.000003 0.000003 0.000004 0.000002 0.000003 0.000003 0.000003 0.000003 0.000002 0.000002 0.000004 0.000003 0.000002 0.000002 0.000002 0.000002 0.000002 0.000001 0.000003 0.000002 0.000002
18 -0.000058 0.000000 0.000002 0.000002 0.000002 0.000002 0.000003 0.000002 0.000002 0.000003 0.000003 0.000002 0.000003 0.000002 0.000002 0.000003 0.000002 0.000003 0.000002 0.000003 0.000003 0.000003 0.000003 0.000002 0.000003
18 -0.000073 -0.000003 0.000004 0.000002 0.000003 0.000004 0.000003 0.000004 0.000003 0.000003 0.000003 0.000002 0.000005 0.000002 0.000003 0.000002 0.000003 0.000006 0.000003 0.000003 0.000004 0.000002 0.000005 0.000003 0.000003
18 -0.000062 -0.000000 0.000003 0.000003 0.000003 0.000002 0.000003 0.000002 0.000003 0.000003 0.000003 0.000002 0.000003 0.000003 0.000002 0.000002 0.000002 0.000004 0.000003 0.000003 0.000003 0.000002 0.000003 0.000003 0.000003
22 -0.000061 0.000001 0.000002 0.000003 0.000002 0.000002 0.000003 0.000001 0.000002 0.000003 0.000004 0.000002 0.000002 0.000003 0.000004 0.000004 0.000001 0.000002 0.000002 0.000002 0.000003 0.000005 0.000003 0.000002 0.000004
16 -0.000054 0.000001 0.000002 0.000002 0.000002 0.000003 0.000003 0.000001 0.000001 0.000003 0.000003 0.000002 0.000002 0.000003 0.000003 0.000004 0.000002 0.000002 0.000002 0.000003 0.000002 0.000002 0.000002 0.000002 0.000003
11 -0.000065 -0.000000 0.000003 0.000003 0.000002 0.000003 0.000003 0.000003 0.000002 0.000003 0.000004 0.000003 0.000003 0.000003 0.000003 0.000003 0.000003 0.000004 0.000002 0.000003 0.000003 0.000002 0.000003 0.000003 0.000003
11 -0.000062 -0.000000 0.000003 0.000003 0.000002 0.000002 0.000002 0.000003 0.000002 0.000003 0.000004 0.000002 0.000003 0.000003 0.000002 0.000003 0.000001 0.000004 0.000002 0.000002 0.000003 0.000001 0.000003 0.000003 0.000003
11 -0.000056 -0.000000 0.000002 0.000002 0.000002 0.000002 0.000002 0.000002 0.000001 0.000003 0.000004 0.000002 0.000002 0.000002 0.000003 0.000004 0.000001 0.000002 0.000003 0.000003 0.000003 0.000002 0.000003 0.000002 0.000003
11 -0.000062 -0.000000 0.000002 0.000003 0.000002 0.000003 0.000002 0.000003 0.000002 0.000003 0.000004 0.000002 0.000002 0.000003 0.000003 0.000003 0.000002 0.000003 0.000003 0.000003 0.000003 0.000002 0.000003 0.000003 0.000003
15 -0.000064 0.000001 0.000002 0.000002 0.000002 0.000002 0.000003 0.000001 0.000002 0.000004 0.000005 0.000003 0.000002 0.000003 0.000006 0.000004 0.000002 0.000002 0.000003 0.000003 0.000003 0.000002 0.000003 0.000002 0.000003
6 -0.000066 -0.000000 0.000002 0.000004 0.000002 0.000004 0.000002 0.000004 0.000003 0.000003 0.000003 0.000002 0.000003 0.000003 0.000003 0.000003 0.000003 0.000003 0.000003 0.000002 0.000003 0.000002 0.000003 0.000003 0.000003
11 -0.000058 -0.000001 0.000003 0.000002 0.000002 0.000002 0.000003 0.000001 0.000002 0.000003 0.000004 0.000003 0.000002 0.000004 0.000002 0.000003 0.000002 0.000003 0.000002 0.000002 0.000003 0.000002 0.000003 0.000003 0.000004
11 -0.000060 0.000000 0.000002 0.000002 0.000003 0.000002 0.000003 0.000003 0.000002 0.000003 0.000004 0.000002 0.000002 0.000003 0.000003 0.000003 0.000001 0.000003 0.000002 0.000002 0.000003 0.000002 0.000003 0.000002 0.000003
18 -0.000069 -0.000001 0.000003 0.000003 0.000003 0.000004 0.000002 0.000004 0.000003 0.000002 0.000003 0.000002 0.000004 0.000002 0.000005 0.000002 0.000002 0.000005 0.000002 0.000003 0.000003 0.000001 0.000004 0.000003 0.000003
17 -0.000085 0.000001 0.000004 0.000003 0.000003 0.000003 0.000004 0.000004 0.000004 0.000003 0.000002 0.000006 0.000003 0.000005 0.000007 0.000003 0.000009 0.000002 0.000003 0.000004 0.000002 0.000004 0.000002 0.000003 0.000002
21 -0.000069 -0.000000 0.000003 0.000004 0.000002 0.000004 0.000003 0.000002 0.000002 0.000003 0.000004 0.000003 0.000003 0.000003 0.000002 0.000003 0.000002 0.000004 0.000002 0.000003 0.000005 0.000003 0.000004 0.000003 0.000003
8 -0.000070 0.000001 0.000003 0.000003 0.000003 0.000004 0.000003 0.000004 0.000003 0.000003 0.000003 0.000003 0.000003 0.000004 0.000003 0.000003 0.000003 0.000003 0.000003 0.000003 0.000003 0.000003 0.000003 0.000003 0.000003
13 -0.000069 -0.000001 0.000003 0.000004 0.000003 0.000002 0.000003 0.000003 0.000003 0.000003 0.000002 0.000004 0.000004 0.000003 0.000004 0.000002 0.000004 0.000003 0.000003 0.000003 0.000004 0.000002 0.000003 0.000003 0.000003
22 -0.000065 0.000000 0.000002 0.000003 0.000002 0.000002 0.000003 0.000002 0.000002 0.000003 0.000002 0.000003 0.000003 0.000003 0.000002 0.000003 0.000003 0.000003 0.000003 0.000003 0.000003 0.000004 0.000003 0.000003 0.000002
3 -0.000076 0.000001 0.000005 0.000003 0.000004 0.000003 0.000004 0.000004 0.000004 0.000003 0.000002 0.000004 0.000003 0.000003 0.000003 0.000002 0.000004 0.000002 0.000003 0.000003 0.000003 0.000003 0.000003 0.000004 0.000002
12 -0.000069 -0.000000 0.000003 0.000002 0.000003 0.000002 0.000003 0.000003 0.000002 0.000003 0.000002 0.000004 0.000004 0.000003 0.000004 0.000004 0.000004 0.000003 0.000003 0.000004 0.000003 0.000004 0.000002 0.000003 0.000003
5 -0.000062 -0.000001 0.000003 0.000003 0.000004 0.000002 0.000002 0.000003 0.000004 0.000003 0.000002 0.000003 0.000002 0.000003 0.000003 0.000002 0.000002 0.000002 0.000003 0.000003 0.000002 0.000002 0.000002 0.000003 0.000003
4 -0.000062 0.000000 0.000003 0.000003 0.000003 0.000002 0.000003 0.000002 0.000002 0.000003 0.000003 0.000003 0.000003 0.000003 0.000002 0.000003 0.000003 0.000003 0.000003 0.000003 0.000003 0.000002 0.000003 0.000003 0.000003
6 -0.000069 -0.000002 0.000004 0.000005 0.000003 0.000005 0.000003 0.000003 0.000003 0.000003 0.000002 0.000002 0.000004 0.000002 0.000003 0.000002 0.000003 0.000003 0.000003 0.000002 0.000004 0.000002 0.000003 0.000004 0.000003
13 -0.000070 0.000000 0.000003 0.000004 0.000003 0.000003 0.000003 0.000003 0.000003 0.000003 0.000002 0.000003 0.000004 0.000003 0.000003 0.000003 0.000003 0.000003 0.000003 0.000004 0.000003 0.000003 0.000003 0.000003 0.000003
14 -0.000065 0.000001 0.000002 0.000002 0.000002 0.000004 0.000004 0.000002 0.000003 0.000003 0.000002 0.000003 0.000002 0.000004 0.000003 0.000003 0.000003 0.000002 0.000003 0.000003 0.000003 0.000002 0.000002 0.000002 0.000002
12 -0.000063 0.000001 0.000003 0.000002 0.000003 0.000003 0.000003 0.000003 0.000003 0.000002 0.000002 0.000004 0.000002 0.000003 0.000002 0.000003 0.000003 0.000002 0.000002 0.000003 0.000003 0.000003 0.000003 0.000003 0.000002
3 -0.000073 -0.000000 0.000007 0.000004 0.000003 0.000002 0.000003 0.000005 0.000002 0.000003 0.000002 0.000003 0.000004 0.000003 0.000002 0.000002 0.000004 0.000004 0.000003 0.000004 0.000003 0.000002 0.000003 0.000004 0.000003
8 -0.000067 -0.000000 0.000004 0.000003 0.000003 0.000003 0.000003 0.000006 0.000003 0.000002 0.000001 0.000003 0.000005 0.000003 0.000002 0.000003 0.000003 0.000003 0.000003 0.000003 0.000003 0.000003 0.000002 0.000003 0.000003
18 -0.000066 -0.000001 0.000002 0.000003 0.000003 0.000003 0.000002 0.000003 0.000002 0.000003 0.000004 0.000003 0.000003 0.000002 0.000003 0.000003 0.000001 0.000004 0.000004 0.000003 0.000004 0.000001 0.000003 0.000003 0.000004
17 -0.000079 -0.000002 0.000004 0.000003 0.000004 0.000003 0.000004 0.000005 0.000002 0.000003 0.000002 0.000005 0.000004 0.000003 0.000004 0.000003 0.000006 0.000004 0.000003 0.000003 0.000004 0.000002 0.000004 0.000003 0.000003
15 -0.000063 -0.000000 0.000002 0.000002 0.000001 0.000002 0.000003 0.000003 0.000002 0.000003 0.000003 0.000002 0.000003 0.000002 0.000005 0.000003 0.000003 0.000003 0.000004 0.000003 0.000004 0.000002 0.000003 0.000002 0.000003
17 -0.000086 -0.000001 0.000006 0.000004 0.000005 0.000003 0.000004 0.000006 0.000004 0.000003 0.000001 0.000004 0.000005 0.000003 0.000004 0.000002 0.000010 0.000003 0.000003 0.000003 0.000003 0.000003 0.000003 0.000003 0.000003
19 -0.000063 0.000001 0.000002 0.000003 0.000003 0.000003 0.000003 0.000002 0.000003 0.000002 0.000003 0.000003 0.000003 0.000003 0.000003 0.000003 0.000003 0.000002 0.000003 0.000003 0.000003 0.000003 0.000003 0.000003 0.000003
9 -0.000072 -0.000001 0.000003 0.000004 0.000003 0.000003 0.000003 0.000004 0.000005 0.000003 0.000001 0.000004 0.000002 0.000005 0.000003 0.000003 0.000005 0.000002 0.000003 0.000003 0.000002 0.000002 0.000002 0.000003 0.000002
15 -0.000068 0.000001 0.000003 0.000003 0.000002 0.000002 0.000004 0.000003 0.000003 0.000003 0.000003 0.000003 0.000003 0.000004 0.000004 0.000003 0.000004 0.000002 0.000002 0.000003 0.000003 0.000003 0.000002 0.000002 0.000002
16 -0.000059 0.000001 0.000002 0.000002 0.000002 0.000002 0.000003 0.000002 0.000002 0.000003 0.000003 0.000003 0.000002 0.000003 0.000003 0.000004 0.000002 0.000002 0.000002 0.000002 0.000003 0.000003 0.000002 0.000002 0.000002
3 -0.000065 -0.000000 0.000004 0.000003 0.000002 0.000002 0.000003 0.000004 0.000002 0.000003 0.000003 0.000003 0.000002 0.000003 0.000004 0.000003 0.000003 0.000002 0.000003 0.000003 0.000003 0.000002 0.000002 0.000002 0.000003
12 -0.000067 0.000001 0.000003 0.000003 0.000003 0.000002 0.000003 0.000002 0.000002 0.000003 0.000003 0.000004 0.000003 0.000003 0.000003 0.000003 0.000003 0.000002 0.000002 0.000003 0.000003 0.000004 0.000003 0.000002 0.000003
16 -0.000062 0.000001 0.000003 0.000003 0.000002 0.000002 0.000003 0.000003 0.000002 0.000003 0.000002 0.000004 0.000003 0.000004 0.000003 0.000004 0.000003 0.000002 0.000002 0.000002 0.000002 0.000003 0.000002 0.000002 0.000002
14 -0.000067 -0.000001 0.000002 0.000003 0.000003 0.000002 0.000004 0.000003 0.000002 0.000003 0.000003 0.000003 0.000002 0.000005 0.000003 0.000004 0.000003 0.000002 0.000003 0.000003 0.000003 0.000005 0.000002 0.000002 0.000003
14 -0.000060 -0.000000 0.000003 0.000003 0.000003 0.000002 0.000002 0.000002 0.000002 0.000002 0.000003 0.000003 0.000003 0.000004 0.000002 0.000003 0.000002 0.000003 0.000003 0.000003 0.000002 0.000002 0.000002 0.000003 0.000003
7 -0.000072 0.000001 0.000003 0.000003 0.000002 0.000003 0.000004 0.000003 0.000002 0.000003 0.000002 0.000003 0.000003 0.000003 0.000003 0.000003 0.000003 0.000003 0.000003 0.000003 0.000003 0.000003 0.000003 0.000003 0.000003
15 -0.000064 0.000001 0.000002 0.000002 0.000003 0.000001 0.000004 0.000002 0.000002 0.000003 0.000002 0.000005 0.000002 0.000004 0.000009 0.000004 0.000004 0.000001 0.000002 0.000002 0.000004 0.000002 0.000001 0.000001 0.000002
16 -0.000056 0.000000 0.000002 0.000002 0.000002 0.000002 0.000003 0.000001 0.000002 0.000003 0.000003 0.000003 0.000002 0.000003 0.000003 0.000004 0.000002 0.000003 0.000002 0.000002 0.000002 0.000002 0.000002 0.000002 0.000003
17 -0.000065 0.000001 0.000002 0.000003 0.000003 0.000003 0.000002 0.000003 0.000002 0.000003 0.000003 0.000003 0.000002 0.000004 0.000004 0.000003 0.000004 0.000003 0.000003 0.000003 0.000003 0.000002 0.000002 0.000002 0.000003
24 -0.000068 -0.000000 0.000003 0.000003 0.000002 0.000007 0.000004 0.000002 0.000005 0.000001 0.000003 0.000002 0.000003 0.000001 0.000001 0.000002 0.000003 0.000004 0.000002 0.000004 0.000004 0.000001 0.000004 0.000007 0.000001
13 -0.000073 -0.000000 0.000003 0.000003 0.000003 0.000003 0.000003 0.000003 0.000004 0.000003 0.000002 0.000003 0.000004 0.000002 0.000003 0.000002 0.000003 0.000004 0.000003 0.000003 0.000004 0.000003 0.000003 0.000004 0.000003
15 -0.000062 0.000000 0.000002 0.000003 0.000002 0.000002 0.000004 0.000002 0.000001 0.000003 0.000003 0.000003 0.000002 0.000005 0.000005 0.000004 0.000003 0.000003 0.000002 0.000003 0.000002 0.000004 0.000002 0.000001 0.000003
15 -0.000092 0.000001 0.000002 0.000004 0.000004 0.000003 0.000003 0.000006 0.000002 0.000005 0.000003 0.000003 0.000003 0.000003 0.000007 0.000003 0.000005 0.000003 0.000005 0.000006 0.000004 0.000005 0.000004 0.000004 0.000003
21 -0.000059 -0.000000 0.000003 0.000003 0.000002 0.000000 0.000003 0.000002 0.000000 0.000002 0.000003 0.000002 0.000002 0.000002 0.000002 0.000004 0.000001 0.000003 0.000003 0.000003 0.000006 0.000005 0.000001 0.000001 0.000003
7 -0.000054 0.000000 0.000003 0.000002 0.000002 0.000002 0.000003 0.000002 0.000003 0.000002 0.000003 0.000002 0.000002 0.000003 0.000003 0.000002 0.000002 0.000002 0.000002 0.000002 0.000003 0.000002 0.000002 0.000003 0.000003
25 -nan -nan -nan -nan -nan -nan -nan -nan -nan -nan -nan -nan -nan -nan -nan -nan -nan -nan -nan -nan -nan -nan -nan -nan -nan
16 -0.000057 0.000001 0.000002 0.000002 0.000002 0.000003 0.000002 0.000001 0.000002 0.000003 0.000004 0.000002 0.000002 0.000003 0.000003 0.000004 0.000001 0.000002 0.000002 0.000002 0.000003 0.000003 0.000002 0.000002 0.000003
11 -0.000055 0.000001 0.000002 0.000002 0.000002 0.000002 0.000002 0.000001 0.000001 0.000003 0.000004 0.000003 0.000002 0.000003 0.000002 0.000004 0.000001 0.000002 0.000003 0.000002 0.000002 0.000002 0.000002 0.000002 0.000003
16 -0.000060 0.000001 0.000002 0.000002 0.000002 0.000003 0.000002 0.000001 0.000002 0.000003 0.000003 0.000003 0.000002 0.000004 0.000002 0.000004 0.000002 0.000002 0.000002 0.000003 0.000003 0.000004 0.000003 0.000003 0.000003
17 -0.000067 -0.000001 0.000002 0.000003 0.000003 0.000003 0.000003 0.000003 0.000003 0.000003 0.000002 0.000004 0.000003 0.000003 0.000004 0.000004 0.000004 0.000002 0.000002 0.000003 0.000003 0.000003 0.000002 0.000002 0.000003
15 -0.000076 0.000001 0.000004 0.000002 0.000002 0.000002 0.000004 0.000002 0.000003 0.000004 0.000002 0.000005 0.000003 0.000004 0.000008 0.000005 0.000004 0.000002 0.000003 0.000003 0.000003 0.000004 0.000002 0.000002 0.000003
16 -0.000064 0.000001 0.000002 0.000003 0.000002 0.000003 0.000003 0.000002 0.000002 0.000003 0.000003 0.000003 0.000003 0.000002 0.000004 0.000004 0.000002 0.000003 0.000003 0.000003 0.000003 0.000002 0.000003 0.000002 0.000003
22 -0.000055 0.000000 0.000002 0.000003 0.000002 0.000002 0.000002 0.000002 0.000002 0.000002 0.000003 0.000003 0.000002 0.000003 0.000003 0.000003 0.000002 0.000003 0.000003 0.000002 0.000002 0.000003 0.000002 0.000002 0.000002
16 -0.000058 0.000000 0.000003 0.000002 0.000002 0.000002 0.000003 0.000002 0.000001 0.000003 0.000003 0.000003 0.000003 0.000003 0.000003 0.000004 0.000002 0.000003 0.000002 0.000002 0.000002 0.000002 0.000003 0.000002 0.000003
11 -0.000060 0.000000 0.000002 0.000003 0.000002 0.000003 0.000003 0.000001 0.000003 0.000003 0.000004 0.000003 0.000002 0.000003 0.000003 0.000003 0.000002 0.000003 0.000003 0.000002 0.000003 0.000002 0.000003 0.000002 0.000003
17 -0.000084 0.000001 0.000004 0.000004 0.000003 0.000003 0.000004 0.000004 0.000004 0.000004 0.000002 0.000005 0.000004 0.000006 0.000003 0.000003 0.000007 0.000002 0.000003 0.000004 0.000002 0.000004 0.000002 0.000003 0.000002
17 -0.000068 -0.000000 0.000003 0.000003 0.000003 0.000004 0.000004 0.000005 0.000004 0.000002 0.000001 0.000004 0.000003 0.000004 0.000001 0.000003 0.000006 0.000002 0.000002 0.000003 0.000002 0.000003 0.000001 0.000003 0.000002
17 -0.000094 -0.000002 0.000005 0.000004 0.000003 0.000004 0.000004 0.000004 0.000004 0.000005 0.000002 0.000003 0.000005 0.000004 0.000003 0.000002 0.000014 0.000004 0.000004 0.000004 0.000004 0.000004 0.000004 0.000004 0.000003
5 -0.000065 0.000001 0.000002 0.000002 0.000005 0.000003 0.000003 0.000004 0.000003 0.000002 0.000003 0.000002 0.000002 0.000002 0.000003 0.000002 0.000002 0.000002 0.000004 0.000003 0.000003 0.000003 0.000003 0.000004 0.000003
6 -0.000069 -0.000002 0.000003 0.000003 0.000003 0.000005 0.000004 0.000003 0.000004 0.000002 0.000003 0.000003 0.000003 0.000002 0.000002 0.000002 0.000004 0.000002 0.000004 0.000003 0.000003 0.000002 0.000003 0.000004 0.000003
8 -0.000072 -0.000002 0.000003 0.000003 0.000004 0.000003 0.000003 0.000005 0.000004 0.000002 0.000002 0.000003 0.000004 0.000003 0.000004 0.000002 0.000004 0.000002 0.000004 0.000004 0.000003 0.000004 0.000003 0.000003 0.000003
17 -0.000064 -0.000001 0.000003 0.000004 0.000003 0.000003 0.000003 0.000003 0.000003 0.000002 0.000002 0.000003 0.000004 0.000003 0.000003 0.000003 0.000004 0.000003 0.000003 0.000003 0.000003 0.000003 0.000002 0.000003 0.000002
18 -0.000065 -0.000001 0.000003 0.000003 0.000003 0.000003 0.000003 0.000003 0.000003 0.000003 0.000002 0.000003 0.000003 0.000002 0.000003 0.000002 0.000004 0.000004 0.000003 0.000003 0.000003 0.000002 0.000003 0.000003 0.000003
17 -0.000074 -0.000002 0.000004 0.000004 0.000004 0.000003 0.000004 0.000004 0.000004 0.000003 0.000002 0.000003 0.000003 0.000003 0.000001 0.000002 0.000008 0.000003 0.000003 0.000003 0.000003 0.000002 0.000002 0.000003 0.000002
18 -0.000070 -0.000000 0.000003 0.000003 0.000002 0.000003 0.000003 0.000002 0.000003 0.000003 0.000003 0.000003 0.000003 0.000003 0.000003 0.000003 0.000004 0.000004 0.000003 0.000003 0.000003 0.000004 0.000003 0.000002 0.000003
15 -0.000072 0.000001 0.000002 0.000002 0.000004 0.000001 0.000006 0.000003 0.000002 0.000002 0.000001 0.000003 0.000004 0.000001 0.000009 0.000002 0.000005 0.000001 0.000003 0.000004 0.000005 0.000001 0.000004 0.000003 0.000004
8 -0.000081 -0.000000 0.000004 0.000003 0.000003 0.000002 0.000005 0.000006 0.000003 0.000004 0.000003 0.000004 0.000005 0.000004 0.000003 0.000003 0.000003 0.000004 0.000004 0.000003 0.000002 0.000004 0.000004 0.000003 0.000004
18 -0.000056 -0.000002 0.000002 0.000003 0.000002 0.000002 0.000002 0.000002 0.000002 0.000003 0.000003 0.000002 0.000003 0.000002 0.000003 0.000002 0.000001 0.000003 0.000002 0.000003 0.000003 0.000003 0.000003 0.000002 0.000003
18 -0.000074 -0.000003 0.000003 0.000003 0.000003 0.000005 0.000004 0.000002 0.000002 0.000003 0.000003 0.000002 0.000004 0.000002 0.000004 0.000002 0.000004 0.000006 0.000005 0.000003 0.000005 0.000001 0.000005 0.000005 0.000003
22 -0.000063 -0.000000 0.000003 0.000003 0.000003 0.000002 0.000002 0.000003 0.000002 0.000003 0.000003 0.000003 0.000003 0.000003 0.000002 0.000002 0.000003 0.000003 0.000003 0.000002 0.000003 0.000004 0.000003 0.000003 0.000003
4 -0.000064 0.000001 0.000003 0.000004 0.000003 0.000003 0.000003 0.000002 0.000002 0.000003 0.000003 0.000003 0.000003 0.000003 0.000003 0.000002 0.000002 0.000003 0.000003 0.000003 0.000003 0.000002 0.000003 0.000002 0.000003
18 -0.000083 -0.000002 0.000004 0.000004 0.000003 0.000006 0.000003 0.000003 0.000004 0.000003 0.000003 0.000002 0.000006 0.000001 0.000001 0.000001 0.000004 0.000008 0.000003 0.000004 0.000005 0.000002 0.000005 0.000005 0.000004
7 -0.000072 -0.000001 0.000004 0.000003 0.000003 0.000004 0.000004 0.000003 0.000003 0.000003 0.000002 0.000002 0.000004 0.000002 0.000004 0.000003 0.000003 0.000004 0.000003 0.000002 0.000003 0.000003 0.000004 0.000004 0.000003
18 -0.000073 -0.000000 0.000005 0.000004 0.000002 0.000004 0.000003 0.000004 0.000003 0.000003 0.000003 0.000002 0.000003 0.000002 0.000002 0.000002 0.000002 0.000006 0.000003 0.000003 0.000003 0.000001 0.000005 0.000004 0.000003
14 -0.000054 0.000001 0.000002 0.000002 0.000002 0.000002 0.000002 0.000001 0.000001 0.000003 0.000003 0.000003 0.000002 0.000003 0.000002 0.000003 0.000001 0.000003 0.000002 0.000002 0.000002 0.000003 0.000003 0.000002 0.000002
18 -0.000075 -0.000001 0.000005 0.000003 0.000003 0.000003 0.000003 0.000004 0.000003 0.000003 0.000003 0.000002 0.000004 0.000002 0.000004 0.000002 0.000002 0.000007 0.000003 0.000003 0.000003 0.000002 0.000005 0.000004 0.000003
5 -0.000061 0.000000 0.000003 0.000002 0.000004 0.000003 0.000003 0.000002 0.000002 0.000003 0.000003 0.000002 0.000003 0.000003 0.000002 0.000003 0.000002 0.000003 0.000003 0.000003 0.000003 0.000002 0.000003 0.000003 0.000003
15 -0.000063 0.000000 0.000002 0.000003 0.000002 0.000002 0.000003 0.000003 0.000002 0.000003 0.000003 0.000003 0.000002 0.000003 0.000004 0.000003 0.000002 0.000003 0.000003 0.000002 0.000003 0.000002 0.000003 0.000003 0.000003
9 -0.000068 -0.000001 0.000003 0.000003 0.000004 0.000003 0.000003 0.000003 0.000005 0.000002 0.000003 0.000003 0.000004 0.000003 0.000004 0.000002 0.000004 0.000003 0.000003 0.000003 0.000002 0.000001 0.000003 0.000004 0.000003
4 -0.000067 -0.000000 0.000003 0.000004 0.000003 0.000003 0.000003 0.000003 0.000004 0.000003 0.000003 0.000003 0.000003 0.000002 0.000003 0.000002 0.000003 0.000003 0.000003 0.000003 0.000003 0.000002 0.000003 0.000003 0.000003
17 -0.000068 -0.000000 0.000004 0.000002 0.000003 0.000004 0.000002 0.000004 0.000003 0.000003 0.000003 0.000003 0.000003 0.000003 0.000002 0.000002 0.000004 0.000003 0.000003 0.000003 0.000003 0.000002 0.000003 0.000003 0.000003
17 -0.000076 -0.000000 0.000003 0.000004 0.000004 0.000004 0.000003 0.000005 0.000005 0.000003 0.000002 0.000003 0.000003 0.000003 0.000002 0.000002 0.000006 0.000002 0.000004 0.000004 0.000003 0.000003 0.000003 0.000003 0.000003
9 -0.000071 -0.000000 0.000003 0.000003 0.000003 0.000004 0.000002 0.000003 0.000005 0.000003 0.000003 0.000003 0.000003 0.000003 0.000003 0.000003 0.000003 0.000003 0.000004 0.000003 0.000003 0.000003 0.000003 0.000003 0.000003
3 -0.000063 0.000001 0.000003 0.000002 0.000003 0.000001 0.000003 0.000003 0.000002 0.000003 0.000003 0.000003 0.000003 0.000003 0.000003 0.000002 0.000003 0.000003 0.000003 0.000003 0.000003 0.000003 0.000002 0.000003 0.000002
9 -0.000088 0.000001 0.000004 0.000004 0.000004 0.000003 0.000003 0.000004 0.000009 0.000003 0.000002 0.000003 0.000003 0.000003 0.000003 0.000002 0.000006 0.000003 0.000004 0.000004 0.000003 0.000005 0.000004 0.000005 0.000002
15 -0.000100 -0.000001 0.000006 0.000004 0.000005 0.000004 0.000004 0.000006 0.000006 0.000004 0.000001 0.000006 0.000005 0.000006 0.000007 0.000003 0.000004 0.000002 0.000004 0.000003 0.000004 0.000006 0.000002 0.000004 0.000003
12 -0.000065 0.000000 0.000003 0.000003 0.000003 0.000003 0.000003 0.000003 0.000002 0.000003 0.000002 0.000004 0.000003 0.000003 0.000004 0.000003 0.000003 0.000003 0.000003 0.000003 0.000002 0.000002 0.000003 0.000002 0.000003
8 -0.000074 -0.000002 0.000006 0.000003 0.000004 0.000003 0.000002 0.000006 0.000006 0.000002 0.000002 0.000003 0.000004 0.000003 0.000002 0.000001 0.000005 0.000004 0.000003 0.000003 0.000003 0.000003 0.000004 0.000003 0.000003
19 -0.000063 0.000001 0.000003 0.000003 0.000002 0.000003 0.000002 0.000002 0.000002 0.000004 0.000004 0.000003 0.000002 0.000003 0.000003 0.000003 0.000003 0.000002 0.000004 0.000003 0.000003 0.000003 0.000003 0.000002 0.000003
18 -0.000083 -0.000001 0.000004 0.000005 0.000004 0.000004 0.000004 0.000004 0.000004 0.000003 0.000002 0.000003 0.000004 0.000003 0.000004 0.000002 0.000004 0.000005 0.000003 0.000004 0.000005 0.000003 0.000005 0.000003 0.000004
16 -0.000060 -0.000000 0.000002 0.000003 0.000002 0.000003 0.000002 0.000003 0.000002 0.000003 0.000003 0.000002 0.000003 0.000003 0.000003 0.000004 0.000002 0.000002 0.000003 0.000002 0.000003 0.000002 0.000002 0.000002 0.000002
15 -0.000067 -0.000001 0.000002 0.000003 0.000003 0.000003 0.000003 0.000003 0.000003 0.000003 0.000002 0.000003 0.000003 0.000003 0.000004 0.000004 0.000004 0.000002 0.000003 0.000004 0.000003 0.000003 0.000003 0.000002 0.000003
17 -0.000072 -0.000001 0.000002 0.000003 0.000004 0.000003 0.000003 0.000004 0.000005 0.000002 0.000002 0.000003 0.000003 0.000003 0.000003 0.000002 0.000005 0.000002 0.000004 0.000004 0.000003 0.000004 0.000002 0.000004 0.000003
17 -0.000061 -0.000000 0.000003 0.000003 0.000003 0.000003 0.000002 0.000003 0.000003 0.000003 0.000002 0.000003 0.000003 0.000003 0.000002 0.000003 0.000004 0.000002 0.000002 0.000003 0.000002 0.000002 0.000002 0.000002 0.000002
15 -0.000067 -0.000001 0.000002 0.000003 0.000002 0.000003 0.000003 0.000003 0.000003 0.000003 0.000004 0.000002 0.000003 0.000003 0.000004 0.000003 0.000003 0.000003 0.000003 0.000003 0.000003 0.000003 0.000003 0.000003 0.000003
22 -0.000068 -0.000000 0.000002 0.000003 0.000003 0.000002 0.000002 0.000004 0.000003 0.000002 0.000003 0.000003 0.000003 0.000003 0.000003 0.000003 0.000005 0.000002 0.000003 0.000003 0.000003 0.000005 0.000003 0.000003 0.000003
21 -0.000064 0.000000 0.000002 0.000003 0.000003 0.000003 0.000003 0.000003 0.000002 0.000003 0.000003 0.000002 0.000003 0.000002 0.000003 0.000003 0.000002 0.000003 0.000003 0.000003 0.000004 0.000002 0.000003 0.000003 0.000003
22 -0.000066 0.000000 0.000004 0.000003 0.000002 0.000003 0.000003 0.000002 0.000002 0.000003 0.000003 0.000003 0.000003 0.000003 0.000003 0.000003 0.000003 0.000003 0.000003 0.000003 0.000003 0.000005 0.000003 0.000003 0.000003
15 -0.000086 -0.000005 0.000001 0.000006 0.000003 0.000003 0.000004 0.000003 0.000003 0.000003 0.000003 0.000002 0.000004 0.000002 0.000007 0.000005 0.000005 0.000004 0.000005 0.000006 0.000006 0.000003 0.000006 0.000003 0.000004
10 -0.000059 -0.000000 0.000002 0.000002 0.000002 0.000002 0.000002 0.000002 0.000002 0.000004 0.000004 0.000003 0.000003 0.000002 0.000003 0.000003 0.000002 0.000003 0.000003 0.000003 0.000003 0.000001 0.000003 0.000002 0.000003
15 -0.000082 -0.000000 0.000001 0.000005 0.000002 0.000002 0.000004 0.000004 0.000001 0.000005 0.000006 0.000002 0.000002 0.000002 0.000011 0.000003 0.000002 0.000003 0.000002 0.000005 0.000005 0.000004 0.000004 0.000002 0.000005
15 -0.000081 0.000001 0.000005 0.000003 0.000002 0.000002 0.000004 0.000003 0.000002 0.000004 0.000003 0.000004 0.000003 0.000004 0.000006 0.000004 0.000005 0.000002 0.000003 0.000004 0.000004 0.000004 0.000002 0.000003 0.000003
8 -0.000085 0.000001 0.000002 0.000005 0.000002 0.000005 0.000003 0.000008 0.000003 0.000003 0.000003 0.000003 0.000004 0.000002 0.000006 0.000002 0.000005 0.000004 0.000004 0.000004 0.000005 0.000004 0.000002 0.000004 0.000004
15 -0.000068 0.000001 0.000003 0.000003 0.000003 0.000003 0.000003 0.000003 0.000003 0.000003 0.000003 0.000003 0.000003 0.000003 0.000004 0.000003 0.000002 0.000003 0.000003 0.000003 0.000003 0.000004 0.000002 0.000003 0.000003
12 -0.000057 0.000000 0.000002 0.000002 0.000002 0.000002 0.000003 0.000001 0.000003 0.000003 0.000003 0.000004 0.000002 0.000003 0.000003 0.000003 0.000002 0.000002 0.000003 0.000003 0.000002 0.000001 0.000003 0.000003 0.000002
15 -0.000080 -0.000000 0.000003 0.000003 0.000002 0.000003 0.000003 0.000001 0.000002 0.000003 0.000004 0.000003 0.000004 0.000003 0.000007 0.000004 0.000002 0.000004 0.000003 0.000005 0.000006 0.000002 0.000005 0.000004 0.000005
21 -0.000056 0.000001 0.000002 0.000002 0.000002 0.000001 0.000002 0.000003 0.000002 0.000003 0.000003 0.000002 0.000002 0.000003 0.000003 0.000003 0.000001 0.000002 0.000002 0.000002 0.000004 0.000002 0.000003 0.000002 0.000003
10 -0.000064 0.000002 0.000003 0.000002 0.000002 0.000002 0.000003 0.000002 0.000002 0.000004 0.000003 0.000003 0.000002 0.000004 0.000003 0.000003 0.000002 0.000003 0.000003 0.000003 0.000002 0.000003 0.000003 0.000003 0.000003
24 -0.000060 -0.000001 0.000004 0.000003 0.000003 0.000005 0.000001 0.000003 0.000003 0.000002 0.000003 0.000001 0.000001 0.000003 0.000001 0.000002 0.000001 0.000003 0.000003 0.000003 0.000002 0.000004 0.000004 0.000005 0.000002
22 -0.000064 0.000000 0.000002 0.000002 0.000003 0.000003 0.000003 0.000002 0.000002 0.000002 0.000003 0.000003 0.000003 0.000003 0.000004 0.000003 0.000003 0.000002 0.000002 0.000002 0.000002 0.000006 0.000002 0.000003 0.000002
22 -0.000066 0.000003 0.000002 0.000002 0.000004 0.000002 0.000003 0.000004 0.000002 0.000002 0.000003 0.000004 0.000003 0.000002 0.000002 0.000002 0.000003 0.000002 0.000003 0.000003 0.000002 0.000005 0.000002 0.000004 0.000002
20 -0.000066 0.000003 0.000000 0.000004 0.000002 0.000000 0.000004 0.000000 0.000000 0.000006 0.000004 0.000003 0.000004 0.000001 0.000000 0.000003 0.000002 0.000004 0.000003 0.000009 0.000006 0.000000 0.000001 0.000004 0.000003
15 -0.000070 0.000002 0.000002 0.000004 0.000004 0.000006 0.000001 0.000001 0.000005 0.000002 0.000001 0.000003 0.000004 0.000003 0.000006 0.000003 0.000005 0.000002 0.000003 0.000004 0.000002 0.000001 0.000001 0.000002 0.000002
4 -0.000064 -0.000000 0.000002 0.000004 0.000001 0.000001 0.000004 0.000003 0.000002 0.000003 0.000002 0.000002 0.000003 0.000003 0.000004 0.000004 0.000002 0.000004 0.000002 0.000004 0.000002 0.000003 0.000004 0.000002 0.000002
7 -0.000067 0.000001 0.000002 0.000005 0.000003 0.000002 0.000007 0.000003 0.000002 0.000005 0.000000 0.000005 0.000001 0.000003 0.000005 0.000004 0.000003 0.000001 0.000003 0.000001 0.000002 0.000006 0.000001 0.000001 0.000001
6 -0.000059 -0.000001 0.000003 0.000002 0.000002 0.000004 0.000001 0.000002 0.000003 0.000003 0.000003 0.000002 0.000002 0.000002 0.000002 0.000002 0.000002 0.000004 0.000003 0.000003 0.000003 0.000002 0.000003 0.000003 0.000003
9 -0.000076 -0.000003 0.000004 0.000004 0.000005 0.000003 0.000003 0.000004 0.000005 0.000003 0.000002 0.000003 0.000005 0.000002 0.000002 0.000002 0.000004 0.000004 0.000003 0.000003 0.000003 0.000002 0.000004 0.000004 0.000003
23 -0.000062 -0.000001 0.000003 0.000002 0.000003 0.000003 0.000003 0.000003 0.000002 0.000003 0.000003 0.000003 0.000003 0.000003 0.000002 0.000003 0.000003 0.000003 0.000002 0.000003 0.000003 0.000002 0.000003 0.000003 0.000002
24 -0.000067 -0.000001 0.000003 0.000003 0.000003 0.000002 0.000003 0.000004 0.000003 0.000002 0.000002 0.000003 0.000003 0.000002 0.000002 0.000002 0.000003 0.000004 0.000003 0.000003 0.000003 0.000003 0.000004 0.000004 0.000003
6 -0.000065 -0.000000 0.000003 0.000003 0.000003 0.000004 0.000003 0.000003 0.000002 0.000003 0.000004 0.000002 0.000002 0.000002 0.000003 0.000002 0.000001 0.000003 0.000003 0.000002 0.000004 0.000003 0.000003 0.000003 0.000004
24 -0.000078 0.000000 0.000004 0.000004 0.000003 0.000004 0.000003 0.000003 0.000004 0.000003 0.000003 0.000002 0.000003 0.000002 0.000004 0.000002 0.000003 0.000004 0.000003 0.000003 0.000003 0.000003 0.000004 0.000004 0.000004
3 -0.000063 0.000000 0.000003 0.000003 0.000003 0.000003 0.000003 0.000003 0.000002 0.000003 0.000003 0.000003 0.000003 0.000003 0.000002 0.000003 0.000002 0.000003 0.000002 0.000003 0.000003 0.000001 0.000003 0.000003 0.000003
24 -0.000065 -0.000000 0.000002 0.000003 0.000004 0.000002 0.000002 0.000003 0.000003 0.000002 0.000002 0.000002 0.000003 0.000003 0.000004 0.000003 0.000002 0.000002 0.000003 0.000004 0.000004 0.000003 0.000002 0.000004 0.000003
9 -0.000067 -0.000001 0.000003 0.000003 0.000003 0.000002 0.000003 0.000003 0.000004 0.000003 0.000003 0.000002 0.000004 0.000002 0.000002 0.000002 0.000002 0.000004 0.000003 0.000003 0.000003 0.000003 0.000003 0.000004 0.000003
15 -0.000070 -0.000001 0.000003 0.000004 0.000003 0.000004 0.000003 0.000002 0.000001 0.000003 0.000003 0.000003 0.000003 0.000002 0.000004 0.000003 0.000004 0.000003 0.000004 0.000003 0.000003 0.000002 0.000004 0.000004 0.000004
12 -0.000066 0.000000 0.000003 0.000003 0.000003 0.000002 0.000003 0.000003 0.000003 0.000003 0.000003 0.000004 0.000003 0.000003 0.000002 0.000003 0.000002 0.000003 0.000003 0.000003 0.000003 0.000002 0.000003 0.000002 0.000003
3 -0.000077 -0.000001 0.000007 0.000003 0.000005 0.000002 0.000003 0.000003 0.000004 0.000003 0.000003 0.000003 0.000004 0.000003 0.000004 0.000002 0.000002 0.000003 0.000003 0.000003 0.000004 0.000003 0.000003 0.000006 0.000004
5 -0.000078 -0.000001 0.000005 0.000003 0.000005 0.000004 0.000003 0.000004 0.000005 0.000002 0.000003 0.000003 0.000004 0.000002 0.000002 0.000002 0.000005 0.000004 0.000004 0.000004 0.000003 0.000002 0.000004 0.000004 0.000003
9 -0.000073 0.000000 0.000003 0.000003 0.000005 0.000004 0.000003 0.000004 0.000005 0.000002 0.000003 0.000003 0.000003 0.000004 0.000002 0.000002 0.000002 0.000002 0.000005 0.000004 0.000002 0.000003 0.000003 0.000005 0.000003
24 -0.000065 -0.000001 0.000003 0.000002 0.000003 0.000003 0.000002 0.000002 0.000003 0.000003 0.000003 0.000003 0.000002 0.000003 0.000002 0.000003 0.000003 0.000003 0.000003 0.000003 0.000003 0.000003 0.000003 0.000004 0.000003
17 -0.000070 -0.000001 0.000003 0.000003 0.000004 0.000003 0.000003 0.000003 0.000003 0.000003 0.000002 0.000003 0.000003 0.000003 0.000003 0.000002 0.000004 0.000003 0.000004 0.000003 0.000002 0.000003 0.000003 0.000004 0.000003
22 -0.000072 -0.000000 0.000003 0.000003 0.000003 0.000003 0.000003 0.000003 0.000002 0.000004 0.000003 0.000003 0.000002 0.000003 0.000003 0.000003 0.000003 0.000003 0.000003 0.000003 0.000003 0.000004 0.000004 0.000003 0.000003
3 -0.000063 0.000000 0.000005 0.000003 0.000003 0.000002 0.000003 0.000003 0.000002 0.000002 0.000002 0.000003 0.000004 0.000003 0.000002 0.000002 0.000003 0.000003 0.000002 0.000003 0.000002 0.000004 0.000003 0.000003 0.000003
24 -0.000074 -0.000001 0.000004 0.000004 0.000004 0.000003 0.000003 0.000004 0.000004 0.000003 0.000003 0.000002 0.000005 0.000002 0.000004 0.000002 0.000002 0.000004 0.000003 0.000003 0.000003 0.000002 0.000004 0.000005 0.000003
23 -0.000064 0.000001 0.000003 0.000003 0.000002 0.000003 0.000002 0.000003 0.000003 0.000003 0.000004 0.000002 0.000003 0.000002 0.000003 0.000002 0.000002 0.000003 0.000003 0.000002 0.000003 0.000003 0.000004 0.000003 0.000003
3 -0.000101 -0.000002 0.000009 0.000005 0.000005 0.000005 0.000003 0.000006 0.000007 0.000003 0.000002 0.000003 0.000007 0.000002 0.000006 0.000001 0.000003 0.000005 0.000004 0.000003 0.000005 0.000002 0.000004 0.000007 0.000004
24 -0.000067 0.000000 0.000003 0.000002 0.000003 0.000002 0.000004 0.000004 0.000004 0.000003 0.000003 0.000003 0.000002 0.000003 0.000002 0.000002 0.000002 0.000003 0.000003 0.000003 0.000003 0.000003 0.000003 0.000004 0.000003
6 -0.000060 -0.000000 0.000003 0.000002 0.000002 0.000005 0.000002 0.000003 0.000002 0.000002 0.000003 0.000003 0.000002 0.000003 0.000003 0.000003 0.000002 0.000004 0.000002 0.000002 0.000002 0.000003 0.000002 0.000003 0.000002
9 -0.000061 -0.000001 0.000003 0.000002 0.000004 0.000003 0.000003 0.000003 0.000004 0.000002 0.000002 0.000003 0.000002 0.000003 0.000002 0.000003 0.000002 0.000002 0.000003 0.000002 0.000002 0.000002 0.000003 0.000004 0.000002
5 -0.000070 -0.000001 0.000003 0.000003 0.000005 0.000003 0.000003 0.000003 0.000005 0.000002 0.000003 0.000003 0.000003 0.000004 0.000003 0.000003 0.000004 0.000002 0.000003 0.000003 0.000003 0.000003 0.000002 0.000003 0.000003
3 -0.000069 -0.000001 0.000006 0.000003 0.000003 0.000002 0.000003 0.000004 0.000002 0.000003 0.000003 0.000002 0.000003 0.000002 0.000002 0.000003 0.000003 0.000003 0.000002 0.000003 0.000003 0.000006 0.000002 0.000004 0.000003
9 -0.000069 0.000000 0.000003 0.000003 0.000003 0.000003 0.000003 0.000003 0.000004 0.000003 0.000003 0.000003 0.000002 0.000003 0.000003 0.000003 0.000004 0.000002 0.000003 0.000003 0.000003 0.000003 0.000003 0.000003 0.000003
19 -0.000063 -0.000001 0.000003 0.000003 0.000003 0.000003 0.000003 0.000002 0.000002 0.000003 0.000003 0.000003 0.000003 0.000003 0.000003 0.000003 0.000002 0.000003 0.000003 0.000003 0.000003 0.000003 0.000003 0.000002 0.000003
11 -0.000060 -0.000000 0.000002 0.000003 0.000003 0.000002 0.000003 0.000002 0.000002 0.000003 0.000004 0.000002 0.000003 0.000002 0.000003 0.000003 0.000002 0.000003 0.000003 0.000002 0.000003 0.000001 0.000003 0.000003 0.000004
22 -0.000061 -0.000000 0.000002 0.000003 0.000002 0.000002 0.000003 0.000001 0.000002 0.000003 0.000003 0.000003 0.000002 0.000004 0.000003 0.000004 0.000003 0.000003 0.000002 0.000002 0.000003 0.000004 0.000002 0.000002 0.000002
6 -0.000063 -0.000001 0.000003 0.000003 0.000002 0.000004 0.000002 0.000002 0.000003 0.000003 0.000003 0.000002 0.000003 0.000003 0.000002 0.000003 0.000002 0.000003 0.000003 0.000003 0.000003 0.000002 0.000003 0.000003 0.000003
