17 -0.000102 -0.000001 0.000004 0.000005 0.000005 0.000004 0.000004 0.000006 0.000005 0.000004 0.000003 0.000006 0.000004 0.000006 0.000004 0.000004 0.000007 0.000003 0.000004 0.000006 0.000003 0.000005 0.000003 0.000004 0.000003
13 -0.000105 -0.000002 0.000006 0.000005 0.000005 0.000004 0.000005 0.000004 0.000005 0.000004 0.000004 0.000004 0.000007 0.000003 0.000004 0.000004 0.000006 0.000006 0.000004 0.000004 0.000005 0.000004 0.000005 0.000005 0.000004
3 -0.000110 -0.000004 0.000009 0.000007 0.000005 0.000004 0.000003 0.000007 0.000006 0.000003 0.000002 0.000005 0.000008 0.000004 0.000004 0.000003 0.000009 0.000006 0.000005 0.000005 0.000005 0.000001 0.000003 0.000006 0.000004
25 -0.000091 0.000000 0.000004 0.000004 0.000004 0.000004 0.000003 0.000003 0.000004 0.000004 0.000004 0.000003 0.000004 0.000004 0.000004 0.000004 0.000004 0.000004 0.000004 0.000004 0.000004 0.000003 0.000004 0.000004 0.000005
22 -0.000096 0.000000 0.000003 0.000004 0.000004 0.000004 0.000004 0.000005 0.000004 0.000004 0.000004 0.000004 0.000004 0.000004 0.000005 0.000004 0.000004 0.000003 0.000005 0.000004 0.000004 0.000005 0.000004 0.000003 0.000004
3 -0.000104 -0.000000 0.000008 0.000005 0.000005 0.000005 0.000004 0.000005 0.000004 0.000004 0.000003 0.000004 0.000006 0.000004 0.000004 0.000003 0.000005 0.000004 0.000004 0.000004 0.000004 0.000004 0.000004 0.000006 0.000005
6 -0.000090 -0.000002 0.000004 0.000004 0.000004 0.000005 0.000004 0.000004 0.000004 0.000004 0.000004 0.000003 0.000004 0.000003 0.000003 0.000004 0.000004 0.000004 0.000004 0.000004 0.000005 0.000003 0.000005 0.000004 0.000004
17 -0.000100 -0.000000 0.000004 0.000005 0.000005 0.000004 0.000005 0.000005 0.000005 0.000004 0.000004 0.000005 0.000004 0.000006 0.000004 0.000003 0.000006 0.000003 0.000005 0.000005 0.000004 0.000003 0.000004 0.000004 0.000004
8 -0.000106 0.000001 0.000004 0.000004 0.000005 0.000005 0.000004 0.000008 0.000004 0.000004 0.000002 0.000005 0.000004 0.000004 0.000006 0.000003 0.000006 0.000003 0.000006 0.000006 0.000004 0.000006 0.000003 0.000005 0.000004
8 -0.000101 -0.000003 0.000004 0.000005 0.000005 0.000005 0.000003 0.000006 0.000006 0.000003 0.000004 0.000004 0.000004 0.000004 0.000004 0.000003 0.000005 0.000004 0.000005 0.000005 0.000005 0.000004 0.000005 0.000005 0.000004
4 -0.000099 0.000002 0.000004 0.000005 0.000005 0.000004 0.000005 0.000005 0.000003 0.000004 0.000003 0.000005 0.000004 0.000004 0.000005 0.000004 0.000005 0.000004 0.000005 0.000005 0.000004 0.000003 0.000004 0.000004 0.000003
16 -0.000095 0.000001 0.000004 0.000005 0.000003 0.000005 0.000005 0.000003 0.000003 0.000004 0.000004 0.000004 0.000004 0.000004 0.000004 0.000006 0.000004 0.000004 0.000004 0.000004 0.000005 0.000003 0.000004 0.000003 0.000004
15 -0.000103 0.000003 0.000004 0.000006 0.000004 0.000002 0.000004 0.000003 0.000004 0.000005 0.000003 0.000005 0.000005 0.000006 0.000006 0.000006 0.000004 0.000004 0.000005 0.000005 0.000004 0.000006 0.000003 0.000005 0.000004
17 -0.000103 -0.000002 0.000005 0.000005 0.000006 0.000004 0.000004 0.000006 0.000005 0.000004 0.000003 0.000005 0.000006 0.000004 0.000004 0.000004 0.000009 0.000004 0.000004 0.000005 0.000004 0.000004 0.000004 0.000004 0.000004
6 -0.000095 0.000001 0.000004 0.000005 0.000003 0.000005 0.000004 0.000003 0.000003 0.000004 0.000004 0.000004 0.000004 0.000004 0.000004 0.000005 0.000004 0.000004 0.000004 0.000004 0.000005 0.000005 0.000004 0.000003 0.000004
22 -0.000107 0.000001 0.000004 0.000006 0.000004 0.000005 0.000004 0.000005 0.000005 0.000004 0.000004 0.000004 0.000004 0.000005 0.000004 0.000004 0.000006 0.000003 0.000005 0.000005 0.000004 0.000006 0.000004 0.000005 0.000004
8 -0.000091 0.000001 0.000003 0.000003 0.000003 0.000004 0.000004 0.000006 0.000003 0.000004 0.000005 0.000004 0.000003 0.000004 0.000003 0.000004 0.000003 0.000003 0.000005 0.000004 0.000005 0.000004 0.000004 0.000004 0.000005
3 -0.000102 0.000001 0.000006 0.000004 0.000006 0.000004 0.000004 0.000004 0.000004 0.000004 0.000005 0.000004 0.000005 0.000004 0.000004 0.000004 0.000004 0.000004 0.000004 0.000004 0.000005 0.000003 0.000004 0.000005 0.000004
17 -0.000101 -0.000001 0.000005 0.000004 0.000004 0.000004 0.000005 0.000005 0.000004 0.000004 0.000003 0.000006 0.000005 0.000004 0.000004 0.000004 0.000008 0.000004 0.000005 0.000005 0.000004 0.000004 0.000004 0.000004 0.000003
18 -0.000095 -0.000000 0.000004 0.000004 0.000003 0.000004 0.000004 0.000004 0.000004 0.000005 0.000005 0.000004 0.000004 0.000003 0.000004 0.000004 0.000003 0.000006 0.000004 0.000004 0.000004 0.000005 0.000004 0.000004 0.000004
3 -0.000111 0.000001 0.000007 0.000005 0.000005 0.000006 0.000005 0.000005 0.000005 0.000005 0.000004 0.000005 0.000004 0.000005 0.000005 0.000004 0.000004 0.000005 0.000005 0.000004 0.000004 0.000004 0.000005 0.000005 0.000004
12 -0.000106 0.000002 0.000004 0.000004 0.000004 0.000005 0.000005 0.000005 0.000004 0.000005 0.000003 0.000007 0.000004 0.000007 0.000005 0.000005 0.000006 0.000004 0.000004 0.000005 0.000005 0.000004 0.000003 0.000003 0.000004
3 -0.000111 -0.000002 0.000009 0.000004 0.000005 0.000005 0.000005 0.000006 0.000006 0.000003 0.000002 0.000006 0.000007 0.000003 0.000006 0.000004 0.000007 0.000005 0.000005 0.000004 0.000005 0.000004 0.000003 0.000005 0.000003
3 -0.000120 0.000000 0.000011 0.000004 0.000006 0.000005 0.000004 0.000007 0.000006 0.000003 0.000004 0.000005 0.000005 0.000005 0.000006 0.000003 0.000007 0.000003 0.000005 0.000005 0.000005 0.000005 0.000004 0.000006 0.000004
18 -0.000090 0.000000 0.000005 0.000004 0.000004 0.000004 0.000003 0.000003 0.000003 0.000005 0.000005 0.000004 0.000004 0.000004 0.000003 0.000004 0.000003 0.000005 0.000004 0.000004 0.000004 0.000003 0.000005 0.000004 0.000004
5 -0.000105 0.000000 0.000005 0.000005 0.000006 0.000004 0.000004 0.000005 0.000005 0.000004 0.000004 0.000005 0.000004 0.000006 0.000004 0.000003 0.000005 0.000005 0.000005 0.000004 0.000003 0.000004 0.000004 0.000006 0.000005
18 -0.000091 0.000000 0.000004 0.000002 0.000004 0.000002 0.000006 0.000006 0.000005 0.000004 0.000006 0.000002 0.000003 0.000003 0.000002 0.000003 0.000002 0.000006 0.000005 0.000003 0.000003 0.000003 0.000004 0.000005 0.000006
3 -0.000091 0.000001 0.000005 0.000004 0.000004 0.000004 0.000003 0.000004 0.000003 0.000003 0.000003 0.000004 0.000005 0.000003 0.000003 0.000004 0.000003 0.000005 0.000004 0.000004 0.000004 0.000004 0.000005 0.000004 0.000004
3 -0.000100 -0.000000 0.000006 0.000004 0.000004 0.000004 0.000005 0.000004 0.000004 0.000005 0.000005 0.000004 0.000005 0.000005 0.000005 0.000005 0.000005 0.000004 0.000004 0.000004 0.000004 0.000003 0.000004 0.000005 0.000004
24 -0.000100 0.000000 0.000006 0.000004 0.000005 0.000004 0.000005 0.000005 0.000005 0.000004 0.000004 0.000004 0.000004 0.000004 0.000004 0.000003 0.000004 0.000004 0.000005 0.000004 0.000004 0.000004 0.000004 0.000006 0.000004
13 -0.000110 -0.000001 0.000007 0.000005 0.000007 0.000006 0.000004 0.000005 0.000006 0.000004 0.000003 0.000004 0.000007 0.000003 0.000005 0.000003 0.000005 0.000005 0.000005 0.000004 0.000004 0.000004 0.000005 0.000006 0.000004
22 -0.000105 0.000000 0.000004 0.000005 0.000005 0.000005 0.000005 0.000005 0.000003 0.000004 0.000004 0.000005 0.000005 0.000005 0.000005 0.000004 0.000005 0.000004 0.000005 0.000005 0.000004 0.000006 0.000005 0.000004 0.000004
17 -0.000110 -0.000002 0.000004 0.000006 0.000006 0.000005 0.000004 0.000007 0.000005 0.000004 0.000002 0.000006 0.000005 0.000007 0.000007 0.000004 0.000010 0.000003 0.000005 0.000006 0.000003 0.000002 0.000004 0.000004 0.000003
22 -0.000102 0.000000 0.000003 0.000006 0.000004 0.000004 0.000003 0.000004 0.000003 0.000004 0.000005 0.000004 0.000005 0.000003 0.000005 0.000003 0.000005 0.000005 0.000005 0.000005 0.000005 0.000006 0.000005 0.000005 0.000004
3 -0.000104 -0.000000 0.000007 0.000004 0.000006 0.000005 0.000004 0.000005 0.000006 0.000004 0.000005 0.000004 0.000005 0.000003 0.000003 0.000003 0.000006 0.000004 0.000004 0.000004 0.000004 0.000003 0.000004 0.000006 0.000005
19 -0.000111 0.000001 0.000004 0.000006 0.000005 0.000005 0.000004 0.000005 0.000005 0.000005 0.000005 0.000004 0.000006 0.000003 0.000006 0.000004 0.000005 0.000003 0.000007 0.000005 0.000006 0.000004 0.000004 0.000005 0.000004
23 -0.000091 -0.000000 0.000003 0.000004 0.000004 0.000004 0.000004 0.000004 0.000004 0.000004 0.000004 0.000004 0.000003 0.000004 0.000005 0.000004 0.000004 0.000005 0.000004 0.000003 0.000003 0.000004 0.000005 0.000003 0.000004
15 -0.000094 -0.000002 0.000004 0.000005 0.000005 0.000005 0.000004 0.000004 0.000005 0.000003 0.000003 0.000004 0.000005 0.000004 0.000006 0.000003 0.000004 0.000004 0.000005 0.000005 0.000004 0.000003 0.000004 0.000004 0.000003
13 -0.000105 -0.000002 0.000004 0.000006 0.000005 0.000006 0.000004 0.000005 0.000006 0.000004 0.000003 0.000004 0.000008 0.000002 0.000005 0.000003 0.000006 0.000005 0.000004 0.000005 0.000005 0.000004 0.000004 0.000006 0.000004
17 -0.000130 0.000001 0.000005 0.000006 0.000004 0.000005 0.000007 0.000003 0.000004 0.000006 0.000002 0.000008 0.000006 0.000007 0.000005 0.000005 0.000020 0.000002 0.000004 0.000005 0.000002 0.000014 0.000002 0.000004 0.000003
5 -0.000128 -0.000001 0.000005 0.000002 0.000017 0.000003 0.000006 0.000014 0.000016 0.000002 0.000002 0.000004 0.000004 0.000003 0.000002 0.000001 0.000010 0.000002 0.000005 0.000006 0.000003 0.000003 0.000003 0.000013 0.000003
9 -0.000118 -0.000003 0.000006 0.000005 0.000010 0.000006 0.000004 0.000007 0.000012 0.000003 0.000002 0.000005 0.000005 0.000004 0.000003 0.000002 0.000007 0.000004 0.000006 0.000005 0.000004 0.000003 0.000005 0.000008 0.000004
3 -0.000096 -0.000000 0.000006 0.000006 0.000004 0.000003 0.000005 0.000004 0.000005 0.000004 0.000004 0.000005 0.000006 0.000004 0.000003 0.000004 0.000005 0.000003 0.000004 0.000004 0.000004 0.000005 0.000003 0.000004 0.000004
9 -0.000097 -0.000001 0.000004 0.000004 0.000009 0.000004 0.000003 0.000005 0.000010 0.000002 0.000003 0.000004 0.000004 0.000003 0.000002 0.000002 0.000006 0.000003 0.000004 0.000004 0.000003 0.000004 0.000004 0.000008 0.000004
9 -0.000116 -0.000000 0.000006 0.000005 0.000007 0.000003 0.000005 0.000006 0.000010 0.000004 0.000003 0.000006 0.000004 0.000007 0.000004 0.000003 0.000007 0.000004 0.000006 0.000005 0.000004 0.000006 0.000004 0.000006 0.000004
22 -0.000092 0.000000 0.000005 0.000003 0.000004 0.000003 0.000004 0.000003 0.000003 0.000004 0.000003 0.000005 0.000004 0.000004 0.000004 0.000004 0.000004 0.000004 0.000004 0.000004 0.000004 0.000007 0.000004 0.000004 0.000003
9 -0.000092 -0.000001 0.000004 0.000003 0.000005 0.000004 0.000005 0.000004 0.000006 0.000004 0.000004 0.000004 0.000003 0.000003 0.000004 0.000004 0.000004 0.000004 0.000005 0.000004 0.000004 0.000004 0.000005 0.000005 0.000004
5 -0.000105 -0.000001 0.000006 0.000004 0.000008 0.000004 0.000004 0.000007 0.000008 0.000004 0.000003 0.000003 0.000004 0.000004 0.000004 0.000003 0.000005 0.000004 0.000005 0.000004 0.000004 0.000004 0.000004 0.000007 0.000004
18 -0.000104 -0.000001 0.000004 0.000004 0.000005 0.000004 0.000005 0.000004 0.000006 0.000004 0.000004 0.000004 0.000005 0.000003 0.000004 0.000004 0.000004 0.000006 0.000006 0.000005 0.000005 0.000002 0.000005 0.000006 0.000005
9 -0.000127 0.000000 0.000007 0.000004 0.000011 0.000003 0.000006 0.000012 0.000012 0.000003 0.000003 0.000005 0.000005 0.000004 0.000003 0.000002 0.000008 0.000003 0.000006 0.000005 0.000004 0.000004 0.000004 0.000010 0.000004
13 -0.000117 -0.000002 0.000006 0.000006 0.000005 0.000006 0.000005 0.000006 0.000006 0.000004 0.000004 0.000005 0.000007 0.000003 0.000005 0.000004 0.000006 0.000005 0.000005 0.000005 0.000006 0.000005 0.000005 0.000006 0.000005
9 -0.000102 -0.000000 0.000005 0.000005 0.000005 0.000005 0.000005 0.000004 0.000007 0.000004 0.000003 0.000004 0.000005 0.000004 0.000004 0.000004 0.000004 0.000004 0.000004 0.000004 0.000005 0.000003 0.000004 0.000005 0.000005
6 -0.000127 -0.000000 0.000006 0.000003 0.000006 0.000009 0.000006 0.000009 0.000007 0.000005 0.000006 0.000005 0.000005 0.000002 0.000006 0.000002 0.000003 0.000006 0.000006 0.000005 0.000008 0.000003 0.000006 0.000007 0.000004
17 -0.000103 -0.000000 0.000005 0.000005 0.000005 0.000004 0.000005 0.000005 0.000005 0.000004 0.000003 0.000005 0.000005 0.000006 0.000004 0.000004 0.000007 0.000003 0.000004 0.000004 0.000004 0.000006 0.000003 0.000004 0.000003
17 -0.000099 -0.000001 0.000005 0.000005 0.000004 0.000004 0.000004 0.000005 0.000005 0.000004 0.000003 0.000004 0.000005 0.000004 0.000004 0.000003 0.000006 0.000005 0.000004 0.000005 0.000006 0.000003 0.000004 0.000005 0.000004
8 -0.000122 -0.000000 0.000005 0.000007 0.000005 0.000006 0.000004 0.000008 0.000007 0.000004 0.000004 0.000004 0.000005 0.000003 0.000004 0.000003 0.000006 0.000008 0.000006 0.000005 0.000004 0.000006 0.000006 0.000006 0.000005
6 -0.000103 -0.000000 0.000005 0.000005 0.000004 0.000006 0.000004 0.000004 0.000004 0.000004 0.000003 0.000005 0.000005 0.000004 0.000004 0.000003 0.000004 0.000004 0.000005 0.000004 0.000004 0.000006 0.000004 0.000005 0.000005
6 -0.000111 -0.000002 0.000008 0.000006 0.000006 0.000010 0.000005 0.000005 0.000006 0.000003 0.000002 0.000003 0.000008 0.000002 0.000003 0.000003 0.000008 0.000006 0.000003 0.000004 0.000004 0.000004 0.000005 0.000004 0.000003
9 -0.000100 -0.000002 0.000003 0.000004 0.000005 0.000004 0.000003 0.000005 0.000008 0.000003 0.000003 0.000005 0.000003 0.000005 0.000006 0.000004 0.000004 0.000005 0.000005 0.000005 0.000003 0.000006 0.000004 0.000004 0.000003
6 -0.000111 0.000000 0.000006 0.000005 0.000005 0.000008 0.000004 0.000005 0.000004 0.000005 0.000005 0.000004 0.000007 0.000002 0.000003 0.000003 0.000007 0.000007 0.000004 0.000005 0.000005 0.000002 0.000005 0.000006 0.000004
16 -0.000080 0.000001 0.000003 0.000003 0.000003 0.000003 0.000004 0.000001 0.000003 0.000004 0.000005 0.000003 0.000002 0.000004 0.000004 0.000007 0.000002 0.000003 0.000003 0.000003 0.000003 0.000005 0.000003 0.000002 0.000003
16 -0.000085 0.000000 0.000003 0.000004 0.000004 0.000004 0.000004 0.000003 0.000003 0.000004 0.000004 0.000004 0.000003 0.000005 0.000004 0.000006 0.000003 0.000003 0.000004 0.000003 0.000004 0.000004 0.000003 0.000002 0.000004
17 -0.000103 0.000002 0.000004 0.000004 0.000003 0.000005 0.000005 0.000004 0.000003 0.000004 0.000003 0.000005 0.000004 0.000006 0.000004 0.000004 0.000006 0.000005 0.000004 0.000004 0.000005 0.000005 0.000004 0.000003 0.000004
22 -0.000091 0.000001 0.000004 0.000004 0.000004 0.000003 0.000004 0.000004 0.000003 0.000004 0.000003 0.000005 0.000004 0.000004 0.000004 0.000004 0.000004 0.000003 0.000004 0.000004 0.000003 0.000007 0.000003 0.000004 0.000004
17 -0.000079 -0.000000 0.000003 0.000003 0.000002 0.000002 0.000002 0.000004 0.000007 0.000004 0.000003 0.000003 0.000002 0.000004 0.000004 0.000003 0.000010 0.000004 0.000004 0.000005 0.000002 0.000001 0.000002 0.000003 0.000003
17 -0.000095 0.000001 0.000004 0.000004 0.000004 0.000004 0.000004 0.000005 0.000003 0.000004 0.000004 0.000005 0.000004 0.000004 0.000003 0.000004 0.000006 0.000004 0.000004 0.000004 0.000003 0.000005 0.000004 0.000003 0.000004
7 -0.000100 0.000001 0.000004 0.000003 0.000005 0.000004 0.000006 0.000005 0.000004 0.000004 0.000004 0.000004 0.000004 0.000004 0.000006 0.000005 0.000004 0.000004 0.000004 0.000004 0.000003 0.000005 0.000004 0.000004 0.000004
6 -0.000100 -0.000000 0.000005 0.000005 0.000004 0.000006 0.000005 0.000004 0.000005 0.000003 0.000004 0.000003 0.000005 0.000003 0.000003 0.000004 0.000004 0.000005 0.000004 0.000004 0.000005 0.000004 0.000004 0.000005 0.000005
22 -0.000092 0.000002 0.000002 0.000004 0.000003 0.000006 0.000005 0.000003 0.000003 0.000004 0.000004 0.000005 0.000004 0.000004 0.000003 0.000005 0.000002 0.000003 0.000004 0.000004 0.000002 0.000007 0.000004 0.000004 0.000003
7 -0.000114 0.000002 0.000004 0.000004 0.000004 0.000006 0.000009 0.000005 0.000003 0.000004 0.000002 0.000008 0.000004 0.000007 0.000008 0.000007 0.000006 0.000003 0.000004 0.000005 0.000003 0.000007 0.000003 0.000003 0.000003
8 -0.000112 -0.000001 0.000004 0.000005 0.000007 0.000006 0.000005 0.000008 0.000006 0.000003 0.000003 0.000005 0.000005 0.000003 0.000004 0.000003 0.000007 0.000004 0.000006 0.000005 0.000005 0.000004 0.000005 0.000007 0.000005
19 -0.000094 0.000001 0.000004 0.000005 0.000003 0.000005 0.000003 0.000005 0.000004 0.000004 0.000004 0.000003 0.000004 0.000004 0.000004 0.000003 0.000003 0.000004 0.000006 0.000004 0.000004 0.000005 0.000004 0.000005 0.000004
24 -0.000102 0.000000 0.000005 0.000005 0.000005 0.000003 0.000005 0.000006 0.000005 0.000004 0.000003 0.000004 0.000004 0.000004 0.000004 0.000004 0.000005 0.000003 0.000005 0.000004 0.000003 0.000004 0.000004 0.000006 0.000005
9 -0.000107 -0.000002 0.000005 0.000006 0.000007 0.000003 0.000003 0.000006 0.000010 0.000003 0.000002 0.000005 0.000004 0.000008 0.000003 0.000004 0.000006 0.000003 0.000005 0.000006 0.000002 0.000005 0.000004 0.000006 0.000002
8 -0.000102 0.000002 0.000004 0.000005 0.000006 0.000006 0.000003 0.000009 0.000007 0.000003 0.000003 0.000007 0.000003 0.000004 0.000003 0.000002 0.000004 0.000003 0.000005 0.000004 0.000003 0.000008 0.000003 0.000005 0.000003
17 -0.000103 -0.000000 0.000004 0.000006 0.000006 0.000004 0.000005 0.000006 0.000004 0.000004 0.000004 0.000005 0.000005 0.000005 0.000004 0.000004 0.000007 0.000004 0.000004 0.000004 0.000004 0.000003 0.000004 0.000004 0.000004
3 -0.000110 -0.000000 0.000007 0.000004 0.000006 0.000005 0.000004 0.000007 0.000007 0.000004 0.000003 0.000005 0.000005 0.000004 0.000005 0.000002 0.000005 0.000004 0.000005 0.000005 0.000004 0.000005 0.000004 0.000006 0.000004
9 -0.000130 -0.000007 0.000005 0.000007 0.000012 0.000006 0.000004 0.000010 0.000016 0.000003 0.000003 0.000006 0.000007 0.000003 0.000002 0.000003 0.000013 0.000003 0.000005 0.000005 0.000006 0.000002 0.000004 0.000008 0.000004
9 -0.000114 -0.000000 0.000004 0.000005 0.000008 0.000005 0.000004 0.000009 0.000011 0.000004 0.000003 0.000005 0.000004 0.000004 0.000003 0.000003 0.000008 0.000002 0.000007 0.000005 0.000004 0.000004 0.000004 0.000006 0.000004
22 -0.000091 0.000002 0.000003 0.000003 0.000003 0.000005 0.000005 0.000003 0.000005 0.000005 0.000005 0.000004 0.000003 0.000004 0.000003 0.000004 0.000001 0.000004 0.000004 0.000003 0.000004 0.000007 0.000004 0.000004 0.000004
9 -0.000113 -0.000002 0.000006 0.000005 0.000008 0.000003 0.000004 0.000007 0.000015 0.000003 0.000002 0.000006 0.000005 0.000003 0.000003 0.000002 0.000009 0.000003 0.000005 0.000005 0.000003 0.000004 0.000005 0.000008 0.000003
5 -0.000105 -0.000005 0.000005 0.000004 0.000010 0.000002 0.000004 0.000004 0.000010 0.000004 0.000004 0.000004 0.000005 0.000002 0.000004 0.000003 0.000006 0.000004 0.000005 0.000005 0.000003 0.000002 0.000007 0.000008 0.000005
16 -0.000090 -0.000000 0.000004 0.000004 0.000003 0.000004 0.000004 0.000003 0.000004 0.000004 0.000005 0.000004 0.000004 0.000004 0.000004 0.000005 0.000004 0.000004 0.000003 0.000004 0.000004 0.000004 0.000004 0.000003 0.000004
9 -0.000116 0.000002 0.000004 0.000003 0.000009 0.000008 0.000007 0.000010 0.000010 0.000004 0.000003 0.000004 0.000003 0.000003 0.000003 0.000002 0.000005 0.000002 0.000008 0.000003 0.000004 0.000005 0.000003 0.000009 0.000004
15 -0.000111 -0.000001 0.000006 0.000005 0.000004 0.000006 0.000005 0.000004 0.000005 0.000005 0.000004 0.000004 0.000005 0.000004 0.000007 0.000003 0.000006 0.000007 0.000004 0.000005 0.000005 0.000003 0.000005 0.000005 0.000005
22 -0.000099 -0.000003 0.000006 0.000005 0.000005 0.000005 0.000005 0.000004 0.000007 0.000003 0.000003 0.000005 0.000005 0.000004 0.000002 0.000003 0.000005 0.000004 0.000005 0.000004 0.000003 0.000007 0.000004 0.000005 0.000004
22 -0.000119 0.000002 0.000003 0.000004 0.000006 0.000006 0.000006 0.000008 0.000007 0.000004 0.000005 0.000003 0.000002 0.000004 0.000007 0.000002 0.000006 0.000004 0.000007 0.000005 0.000004 0.000011 0.000003 0.000007 0.000004
9 -0.000118 0.000001 0.000002 0.000004 0.000010 0.000006 0.000006 0.000011 0.000014 0.000003 0.000003 0.000005 0.000001 0.000004 0.000003 0.000002 0.000005 0.000001 0.000007 0.000005 0.000003 0.000006 0.000004 0.000007 0.000004
17 -0.000119 -0.000004 0.000010 0.000006 0.000008 0.000004 0.000004 0.000008 0.000008 0.000003 0.000002 0.000006 0.000007 0.000003 0.000003 0.000003 0.000011 0.000003 0.000005 0.000006 0.000005 0.000003 0.000004 0.000007 0.000004
9 -0.000111 -0.000000 0.000007 0.000005 0.000007 0.000005 0.000005 0.000007 0.000008 0.000004 0.000003 0.000004 0.000005 0.000003 0.000004 0.000003 0.000006 0.000004 0.000005 0.000004 0.000004 0.000003 0.000004 0.000007 0.000004
21 -0.000095 -0.000001 0.000003 0.000004 0.000004 0.000004 0.000005 0.000003 0.000003 0.000005 0.000005 0.000004 0.000004 0.000004 0.000005 0.000004 0.000003 0.000004 0.000005 0.000004 0.000006 0.000004 0.000005 0.000004 0.000005
12 -0.000102 0.000001 0.000004 0.000004 0.000003 0.000004 0.000005 0.000005 0.000003 0.000005 0.000004 0.000005 0.000004 0.000005 0.000005 0.000005 0.000005 0.000005 0.000004 0.000005 0.000004 0.000004 0.000004 0.000004 0.000004
6 -0.000094 -0.000000 0.000003 0.000004 0.000004 0.000006 0.000004 0.000003 0.000004 0.000005 0.000005 0.000004 0.000004 0.000004 0.000003 0.000004 0.000003 0.000004 0.000005 0.000004 0.000004 0.000003 0.000004 0.000004 0.000005
12 -0.000097 0.000001 0.000004 0.000004 0.000003 0.000003 0.000004 0.000003 0.000002 0.000005 0.000004 0.000006 0.000004 0.000005 0.000005 0.000005 0.000005 0.000003 0.000004 0.000004 0.000004 0.000004 0.000004 0.000003 0.000004
15 -0.000099 0.000002 0.000005 0.000004 0.000003 0.000003 0.000005 0.000003 0.000002 0.000005 0.000004 0.000006 0.000004 0.000006 0.000007 0.000006 0.000005 0.000003 0.000004 0.000005 0.000004 0.000003 0.000003 0.000003 0.000004
18 -0.000103 -0.000001 0.000005 0.000005 0.000004 0.000003 0.000005 0.000005 0.000005 0.000004 0.000005 0.000004 0.000005 0.000003 0.000004 0.000003 0.000004 0.000007 0.000004 0.000004 0.000005 0.000004 0.000006 0.000005 0.000005
16 -0.000085 -0.000001 0.000004 0.000004 0.000003 0.000003 0.000003 0.000002 0.000003 0.000005 0.000005 0.000004 0.000005 0.000004 0.000004 0.000006 0.000003 0.000004 0.000002 0.000004 0.000003 0.000003 0.000004 0.000004 0.000004
18 -0.000090 0.000001 0.000004 0.000004 0.000003 0.000005 0.000004 0.000004 0.000003 0.000004 0.000004 0.000004 0.000004 0.000004 0.000003 0.000004 0.000003 0.000005 0.000004 0.000004 0.000004 0.000003 0.000004 0.000003 0.000004
13 -0.000119 -0.000003 0.000007 0.000005 0.000006 0.000007 0.000004 0.000006 0.000005 0.000005 0.000004 0.000004 0.000008 0.000003 0.000005 0.000003 0.000004 0.000008 0.000005 0.000004 0.000007 0.000004 0.000007 0.000006 0.000006
11 -0.000087 0.000000 0.000003 0.000004 0.000003 0.000004 0.000004 0.000002 0.000003 0.000004 0.000005 0.000004 0.000004 0.000003 0.000004 0.000004 0.000002 0.000004 0.000004 0.000004 0.000004 0.000003 0.000005 0.000004 0.000004
11 -0.000080 0.000000 0.000003 0.000003 0.000003 0.000003 0.000005 0.000001 0.000002 0.000005 0.000006 0.000003 0.000003 0.000004 0.000003 0.000005 0.000001 0.000004 0.000004 0.000003 0.000004 0.000004 0.000004 0.000003 0.000004
16 -0.000085 0.000001 0.000003 0.000003 0.000002 0.000003 0.000004 0.000003 0.000003 0.000004 0.000005 0.000004 0.000003 0.000005 0.000005 0.000005 0.000003 0.000004 0.000003 0.000004 0.000004 0.000003 0.000004 0.000002 0.000004
18 -0.000095 -0.000000 0.000005 0.000004 0.000004 0.000005 0.000004 0.000004 0.000004 0.000004 0.000004 0.000004 0.000005 0.000003 0.000004 0.000004 0.000003 0.000006 0.000003 0.000004 0.000005 0.000002 0.000005 0.000005 0.000005
11 -0.000094 0.000000 0.000005 0.000004 0.000004 0.000005 0.000003 0.000003 0.000004 0.000005 0.000006 0.000003 0.000005 0.000003 0.000003 0.000004 0.000002 0.000005 0.000003 0.000003 0.000005 0.000003 0.000005 0.000004 0.000005
11 -0.000084 0.000001 0.000003 0.000003 0.000003 0.000005 0.000004 0.000002 0.000002 0.000004 0.000006 0.000003 0.000003 0.000004 0.000004 0.000005 0.000002 0.000004 0.000003 0.000003 0.000004 0.000003 0.000004 0.000003 0.000005
11 -0.000085 -0.000000 0.000003 0.000004 0.000003 0.000004 0.000004 0.000002 0.000003 0.000004 0.000006 0.000004 0.000003 0.000004 0.000004 0.000004 0.000002 0.000004 0.000004 0.000003 0.000004 0.000002 0.000004 0.000004 0.000005
11 -0.000085 0.000001 0.000002 0.000004 0.000002 0.000003 0.000004 0.000002 0.000002 0.000005 0.000007 0.000003 0.000003 0.000004 0.000006 0.000006 0.000002 0.000003 0.000004 0.000004 0.000004 0.000003 0.000004 0.000003 0.000005
18 -0.000088 0.000000 0.000003 0.000004 0.000004 0.000003 0.000004 0.000004 0.000003 0.000004 0.000004 0.000004 0.000004 0.000004 0.000004 0.000004 0.000003 0.000005 0.000004 0.000004 0.000004 0.000004 0.000004 0.000004 0.000004
11 -0.000088 0.000000 0.000004 0.000003 0.000004 0.000003 0.000004 0.000003 0.000002 0.000004 0.000007 0.000003 0.000003 0.000004 0.000003 0.000004 0.000002 0.000005 0.000003 0.000003 0.000004 0.000006 0.000005 0.000004 0.000005
11 -0.000085 0.000000 0.000003 0.000004 0.000004 0.000003 0.000004 0.000003 0.000003 0.000004 0.000006 0.000003 0.000003 0.000004 0.000004 0.000004 0.000002 0.000004 0.000004 0.000003 0.000004 0.000003 0.000004 0.000004 0.000005
21 -0.000101 0.000000 0.000006 0.000004 0.000004 0.000004 0.000004 0.000004 0.000004 0.000005 0.000006 0.000003 0.000005 0.000004 0.000004 0.000004 0.000003 0.000006 0.000004 0.000004 0.000007 0.000003 0.000006 0.000004 0.000004
17 -0.000113 0.000001 0.000007 0.000005 0.000004 0.000004 0.000006 0.000005 0.000004 0.000005 0.000003 0.000008 0.000004 0.000006 0.000006 0.000005 0.000010 0.000002 0.000005 0.000005 0.000003 0.000004 0.000003 0.000003 0.000003
18 -0.000095 -0.000002 0.000004 0.000004 0.000004 0.000004 0.000004 0.000004 0.000003 0.000004 0.000005 0.000004 0.000004 0.000003 0.000004 0.000004 0.000004 0.000006 0.000004 0.000004 0.000006 0.000003 0.000005 0.000004 0.000004
6 -0.000105 -0.000000 0.000004 0.000005 0.000005 0.000006 0.000004 0.000005 0.000004 0.000005 0.000004 0.000004 0.000004 0.000005 0.000005 0.000003 0.000005 0.000004 0.000006 0.000005 0.000004 0.000005 0.000004 0.000005 0.000005
8 -0.000106 0.000000 0.000006 0.000005 0.000004 0.000005 0.000005 0.000007 0.000004 0.000005 0.000004 0.000005 0.000006 0.000004 0.000003 0.000004 0.000005 0.000005 0.000004 0.000005 0.000005 0.000006 0.000004 0.000004 0.000004
21 -0.000093 -0.000001 0.000004 0.000004 0.000003 0.000004 0.000004 0.000004 0.000003 0.000004 0.000003 0.000004 0.000005 0.000004 0.000005 0.000004 0.000005 0.000004 0.000004 0.000005 0.000005 0.000003 0.000005 0.000003 0.000004
17 -0.000105 0.000001 0.000005 0.000004 0.000006 0.000004 0.000005 0.000004 0.000005 0.000004 0.000003 0.000005 0.000004 0.000005 0.000005 0.000003 0.000006 0.000003 0.000005 0.000005 0.000004 0.000005 0.000004 0.000005 0.000004
17 -0.000097 -0.000001 0.000004 0.000004 0.000003 0.000004 0.000005 0.000004 0.000003 0.000005 0.000002 0.000005 0.000005 0.000005 0.000005 0.000006 0.000007 0.000004 0.000004 0.000005 0.000004 0.000005 0.000003 0.000003 0.000004
22 -0.000094 0.000000 0.000003 0.000004 0.000004 0.000005 0.000004 0.000004 0.000005 0.000004 0.000005 0.000004 0.000003 0.000005 0.000005 0.000004 0.000003 0.000004 0.000005 0.000004 0.000003 0.000005 0.000004 0.000004 0.000004
21 -0.000099 -0.000001 0.000004 0.000006 0.000004 0.000004 0.000005 0.000003 0.000004 0.000004 0.000005 0.000004 0.000005 0.000004 0.000003 0.000004 0.000004 0.000005 0.000004 0.000004 0.000006 0.000004 0.000005 0.000004 0.000004
6 -0.000105 -0.000001 0.000006 0.000005 0.000004 0.000006 0.000005 0.000004 0.000005 0.000004 0.000003 0.000004 0.000006 0.000003 0.000004 0.000004 0.000005 0.000005 0.000005 0.000005 0.000004 0.000004 0.000005 0.000005 0.000005
13 -0.000093 0.000000 0.000004 0.000004 0.000004 0.000005 0.000004 0.000004 0.000004 0.000004 0.000003 0.000004 0.000005 0.000004 0.000004 0.000004 0.000004 0.000004 0.000004 0.000005 0.000004 0.000003 0.000003 0.000004 0.000004
15 -0.000096 0.000002 0.000004 0.000005 0.000004 0.000004 0.000004 0.000004 0.000003 0.000005 0.000004 0.000004 0.000004 0.000004 0.000006 0.000004 0.000004 0.000003 0.000005 0.000005 0.000003 0.000004 0.000004 0.000003 0.000004
14 -0.000096 0.000001 0.000004 0.000005 0.000004 0.000004 0.000005 0.000004 0.000005 0.000004 0.000004 0.000005 0.000004 0.000005 0.000004 0.000004 0.000004 0.000004 0.000004 0.000004 0.000004 0.000004 0.000004 0.000004 0.000004
22 -0.000107 0.000000 0.000006 0.000005 0.000006 0.000006 0.000005 0.000006 0.000004 0.000004 0.000003 0.000005 0.000005 0.000004 0.000005 0.000003 0.000004 0.000004 0.000004 0.000005 0.000004 0.000007 0.000004 0.000005 0.000005
22 -0.000097 0.000000 0.000004 0.000004 0.000005 0.000006 0.000004 0.000005 0.000003 0.000003 0.000002 0.000004 0.000004 0.000004 0.000004 0.000003 0.000004 0.000004 0.000005 0.000005 0.000004 0.000007 0.000003 0.000003 0.000004
18 -0.000093 -0.000001 0.000004 0.000004 0.000004 0.000004 0.000003 0.000004 0.000003 0.000005 0.000006 0.000004 0.000004 0.000003 0.000003 0.000003 0.000002 0.000006 0.000005 0.000004 0.000004 0.000003 0.000005 0.000006 0.000005
15 -0.000122 -0.000000 0.000006 0.000007 0.000005 0.000005 0.000006 0.000006 0.000004 0.000005 0.000003 0.000005 0.000007 0.000004 0.000008 0.000003 0.000007 0.000006 0.000005 0.000004 0.000005 0.000003 0.000006 0.000006 0.000005
17 -0.000098 -0.000002 0.000004 0.000005 0.000003 0.000006 0.000005 0.000003 0.000003 0.000005 0.000005 0.000004 0.000004 0.000003 0.000006 0.000004 0.000006 0.000004 0.000005 0.000004 0.000005 0.000003 0.000004 0.000003 0.000004
17 -0.000117 -0.000003 0.000007 0.000006 0.000007 0.000007 0.000004 0.000006 0.000006 0.000003 0.000002 0.000005 0.000006 0.000004 0.000005 0.000004 0.000013 0.000004 0.000004 0.000004 0.000004 0.000005 0.000004 0.000005 0.000003
22 -0.000092 -0.000001 0.000003 0.000004 0.000004 0.000004 0.000004 0.000004 0.000004 0.000004 0.000004 0.000004 0.000003 0.000004 0.000003 0.000004 0.000004 0.000004 0.000004 0.000004 0.000004 0.000005 0.000004 0.000005 0.000004
9 -0.000107 -0.000000 0.000005 0.000005 0.000006 0.000004 0.000004 0.000005 0.000008 0.000004 0.000003 0.000005 0.000004 0.000007 0.000004 0.000005 0.000007 0.000003 0.000005 0.000005 0.000004 0.000004 0.000003 0.000004 0.000004
15 -0.000097 0.000001 0.000004 0.000004 0.000003 0.000004 0.000005 0.000004 0.000003 0.000004 0.000004 0.000005 0.000003 0.000006 0.000006 0.000005 0.000005 0.000002 0.000004 0.000004 0.000004 0.000005 0.000003 0.000003 0.000004
16 -0.000089 0.000001 0.000003 0.000004 0.000003 0.000003 0.000004 0.000003 0.000003 0.000005 0.000005 0.000005 0.000003 0.000005 0.000004 0.000005 0.000003 0.000004 0.000003 0.000004 0.000004 0.000004 0.000004 0.000003 0.000004
3 -0.000095 0.000001 0.000005 0.000004 0.000003 0.000004 0.000005 0.000004 0.000004 0.000004 0.000004 0.000004 0.000004 0.000004 0.000004 0.000005 0.000004 0.000004 0.000004 0.000005 0.000005 0.000004 0.000004 0.000004 0.000004
14 -0.000093 0.000001 0.000004 0.000004 0.000004 0.000004 0.000004 0.000004 0.000002 0.000004 0.000004 0.000004 0.000004 0.000005 0.000005 0.000005 0.000005 0.000003 0.000004 0.000004 0.000003 0.000004 0.000004 0.000003 0.000004
14 -0.000090 0.000000 0.000004 0.000004 0.000004 0.000004 0.000004 0.000004 0.000003 0.000004 0.000004 0.000005 0.000004 0.000005 0.000004 0.000005 0.000004 0.000003 0.000004 0.000004 0.000003 0.000004 0.000003 0.000004 0.000004
14 -0.000092 0.000001 0.000004 0.000004 0.000003 0.000004 0.000005 0.000004 0.000003 0.000005 0.000004 0.000004 0.000003 0.000006 0.000004 0.000005 0.000003 0.000004 0.000004 0.000004 0.000004 0.000004 0.000004 0.000004 0.000004
14 -0.000088 0.000000 0.000004 0.000004 0.000004 0.000003 0.000003 0.000003 0.000005 0.000003 0.000004 0.000004 0.000004 0.000006 0.000004 0.000004 0.000004 0.000004 0.000004 0.000004 0.000003 0.000004 0.000003 0.000004 0.000003
22 -0.000101 0.000001 0.000004 0.000005 0.000004 0.000004 0.000004 0.000004 0.000003 0.000004 0.000003 0.000004 0.000004 0.000004 0.000005 0.000004 0.000005 0.000005 0.000004 0.000005 0.000004 0.000008 0.000004 0.000004 0.000004
14 -0.000096 -0.000001 0.000004 0.000004 0.000003 0.000004 0.000006 0.000004 0.000003 0.000005 0.000003 0.000007 0.000004 0.000007 0.000005 0.000006 0.000005 0.000002 0.000003 0.000005 0.000003 0.000005 0.000002 0.000004 0.000003
16 -0.000083 0.000001 0.000003 0.000003 0.000003 0.000003 0.000003 0.000002 0.000003 0.000004 0.000005 0.000004 0.000003 0.000005 0.000005 0.000006 0.000003 0.000003 0.000004 0.000004 0.000003 0.000004 0.000003 0.000003 0.000004
22 -0.000094 0.000001 0.000004 0.000004 0.000003 0.000006 0.000004 0.000005 0.000003 0.000004 0.000004 0.000003 0.000004 0.000006 0.000005 0.000005 0.000005 0.000003 0.000004 0.000005 0.000003 0.000007 0.000004 0.000002 0.000004
3 -0.000076 -0.000004 0.000011 0.000004 0.000002 0.000001 0.000001 0.000002 0.000005 0.000002 0.000003 0.000001 0.000005 0.000002 0.000007 0.000004 0.000002 0.000005 0.000004 0.000001 0.000005 0.000001 0.000002 0.000005 0.000004
8 -0.000102 -0.000001 0.000004 0.000005 0.000005 0.000005 0.000004 0.000006 0.000003 0.000005 0.000004 0.000004 0.000005 0.000004 0.000005 0.000003 0.000005 0.000005 0.000005 0.000004 0.000005 0.000004 0.000005 0.000005 0.000005
14 -0.000099 0.000001 0.000003 0.000004 0.000003 0.000007 0.000005 0.000001 0.000003 0.000004 0.000004 0.000005 0.000003 0.000007 0.000006 0.000006 0.000004 0.000005 0.000005 0.000003 0.000004 0.000006 0.000003 0.000004 0.000004
6 -0.000107 0.000001 0.000002 0.000007 0.000003 0.000008 0.000005 0.000006 0.000005 0.000005 0.000002 0.000004 0.000004 0.000003 0.000006 0.000002 0.000005 0.000002 0.000007 0.000006 0.000005 0.000003 0.000006 0.000005 0.000004
22 -0.000092 0.000001 0.000005 0.000001 0.000002 0.000003 0.000002 0.000001 0.000004 0.000003 0.000005 0.000003 0.000002 0.000005 0.000007 0.000006 0.000002 0.000005 0.000003 0.000002 0.000007 0.000017 0.000004 0.000002 0.000002
5 -0.000101 0.000002 0.000002 0.000003 0.000008 0.000004 0.000004 0.000007 0.000005 0.000003 0.000004 0.000005 0.000003 0.000004 0.000007 0.000006 0.000006 0.000001 0.000003 0.000004 0.000003 0.000005 0.000003 0.000005 0.000003
25 -nan -nan -nan -nan -nan -nan -nan -nan -nan -nan -nan -nan -nan -nan -nan -nan -nan -nan -nan -nan -nan -nan -nan -nan -nan
11 -0.000082 0.000002 0.000003 0.000003 0.000003 0.000004 0.000004 0.000002 0.000002 0.000004 0.000006 0.000003 0.000003 0.000005 0.000005 0.000005 0.000002 0.000003 0.000004 0.000003 0.000003 0.000004 0.000004 0.000003 0.000004
16 -0.000082 0.000001 0.000003 0.000003 0.000003 0.000003 0.000003 0.000002 0.000002 0.000005 0.000005 0.000003 0.000003 0.000004 0.000004 0.000006 0.000002 0.000003 0.000003 0.000003 0.000003 0.000004 0.000004 0.000003 0.000004
22 -0.000084 -0.000000 0.000003 0.000003 0.000003 0.000004 0.000004 0.000003 0.000002 0.000004 0.000005 0.000004 0.000003 0.000005 0.000003 0.000005 0.000003 0.000003 0.000003 0.000003 0.000003 0.000008 0.000003 0.000003 0.000004
17 -0.000093 -0.000001 0.000004 0.000004 0.000004 0.000003 0.000004 0.000004 0.000004 0.000005 0.000003 0.000006 0.000005 0.000004 0.000005 0.000006 0.000006 0.000003 0.000003 0.000005 0.000004 0.000003 0.000003 0.000003 0.000003
15 -0.000111 0.000002 0.000006 0.000003 0.000004 0.000004 0.000005 0.000004 0.000003 0.000006 0.000004 0.000006 0.000005 0.000007 0.000007 0.000007 0.000005 0.000003 0.000005 0.000004 0.000004 0.000006 0.000003 0.000003 0.000004
22 -0.000095 0.000002 0.000003 0.000005 0.000003 0.000004 0.000004 0.000003 0.000002 0.000005 0.000005 0.000004 0.000004 0.000004 0.000005 0.000005 0.000003 0.000004 0.000004 0.000004 0.000004 0.000006 0.000004 0.000003 0.000004
16 -0.000081 0.000000 0.000003 0.000004 0.000003 0.000004 0.000004 0.000002 0.000003 0.000004 0.000004 0.000004 0.000004 0.000004 0.000004 0.000005 0.000003 0.000003 0.000003 0.000004 0.000003 0.000003 0.000003 0.000003 0.000004
16 -0.000087 0.000001 0.000003 0.000004 0.000003 0.000003 0.000003 0.000002 0.000002 0.000005 0.000005 0.000004 0.000004 0.000005 0.000005 0.000006 0.000002 0.000004 0.000004 0.000004 0.000004 0.000004 0.000004 0.000003 0.000004
11 -0.000084 0.000001 0.000003 0.000003 0.000003 0.000002 0.000003 0.000003 0.000003 0.000005 0.000005 0.000003 0.000003 0.000004 0.000004 0.000005 0.000002 0.000004 0.000004 0.000004 0.000004 0.000003 0.000004 0.000003 0.000005
17 -0.000119 0.000002 0.000006 0.000005 0.000005 0.000004 0.000006 0.000005 0.000004 0.000005 0.000004 0.000008 0.000005 0.000009 0.000006 0.000006 0.000009 0.000003 0.000004 0.000005 0.000004 0.000005 0.000003 0.000004 0.000003
17 -0.000097 -0.000000 0.000005 0.000004 0.000004 0.000006 0.000003 0.000005 0.000005 0.000003 0.000001 0.000006 0.000005 0.000005 0.000004 0.000004 0.000008 0.000003 0.000004 0.000004 0.000003 0.000004 0.000003 0.000004 0.000003
17 -0.000113 -0.000001 0.000006 0.000006 0.000004 0.000004 0.000004 0.000006 0.000004 0.000005 0.000002 0.000005 0.000007 0.000003 0.000002 0.000002 0.000017 0.000005 0.000006 0.000006 0.000005 0.000003 0.000004 0.000005 0.000003
19 -0.000092 0.000002 0.000003 0.000004 0.000005 0.000003 0.000005 0.000004 0.000005 0.000004 0.000004 0.000004 0.000004 0.000003 0.000003 0.000003 0.000003 0.000003 0.000005 0.000004 0.000003 0.000003 0.000004 0.000005 0.000004
24 -0.000103 -0.000002 0.000005 0.000005 0.000005 0.000004 0.000004 0.000005 0.000006 0.000004 0.000004 0.000004 0.000006 0.000003 0.000005 0.000002 0.000004 0.000005 0.000005 0.000005 0.000005 0.000003 0.000006 0.000006 0.000005
8 -0.000107 -0.000002 0.000005 0.000006 0.000005 0.000006 0.000004 0.000007 0.000007 0.000003 0.000003 0.000005 0.000005 0.000004 0.000006 0.000003 0.000007 0.000004 0.000005 0.000005 0.000004 0.000003 0.000004 0.000005 0.000004
17 -0.000097 -0.000001 0.000004 0.000005 0.000005 0.000006 0.000004 0.000004 0.000005 0.000003 0.000003 0.000005 0.000005 0.000004 0.000004 0.000004 0.000006 0.000003 0.000004 0.000004 0.000004 0.000004 0.000004 0.000004 0.000004
8 -0.000102 -0.000000 0.000004 0.000005 0.000004 0.000004 0.000004 0.000006 0.000004 0.000004 0.000004 0.000004 0.000006 0.000004 0.000003 0.000004 0.000005 0.000005 0.000005 0.000005 0.000005 0.000004 0.000005 0.000004 0.000004
17 -0.000112 -0.000003 0.000008 0.000006 0.000007 0.000004 0.000004 0.000007 0.000007 0.000004 0.000003 0.000005 0.000006 0.000005 0.000003 0.000003 0.000011 0.000004 0.000004 0.000004 0.000004 0.000003 0.000004 0.000006 0.000004
17 -0.000104 -0.000001 0.000004 0.000005 0.000004 0.000004 0.000004 0.000006 0.000004 0.000005 0.000004 0.000005 0.000005 0.000003 0.000003 0.000003 0.000007 0.000005 0.000004 0.000005 0.000005 0.000005 0.000004 0.000004 0.000004
17 -0.000111 -0.000000 0.000003 0.000006 0.000004 0.000003 0.000008 0.000004 0.000006 0.000003 0.000003 0.000004 0.000005 0.000003 0.000008 0.000004 0.000011 0.000002 0.000005 0.000005 0.000006 0.000005 0.000005 0.000004 0.000004
18 -0.000108 -0.000002 0.000007 0.000005 0.000004 0.000004 0.000005 0.000005 0.000004 0.000004 0.000004 0.000005 0.000004 0.000004 0.000007 0.000004 0.000005 0.000008 0.000005 0.000005 0.000004 0.000005 0.000007 0.000004 0.000004
6 -0.000089 -0.000001 0.000003 0.000004 0.000003 0.000005 0.000005 0.000004 0.000004 0.000004 0.000004 0.000004 0.000004 0.000004 0.000003 0.000003 0.000003 0.000004 0.000004 0.000004 0.000005 0.000003 0.000005 0.000004 0.000005
18 -0.000116 -0.000002 0.000004 0.000006 0.000005 0.000004 0.000003 0.000007 0.000003 0.000005 0.000004 0.000004 0.000007 0.000002 0.000005 0.000003 0.000005 0.000011 0.000006 0.000006 0.000007 0.000004 0.000008 0.000005 0.000005
3 -0.000092 0.000000 0.000005 0.000004 0.000004 0.000004 0.000003 0.000004 0.000004 0.000004 0.000004 0.000004 0.000004 0.000004 0.000003 0.000004 0.000004 0.000005 0.000004 0.000004 0.000003 0.000003 0.000005 0.000005 0.000004
4 -0.000100 0.000000 0.000004 0.000005 0.000004 0.000005 0.000004 0.000004 0.000003 0.000005 0.000005 0.000005 0.000005 0.000004 0.000004 0.000004 0.000003 0.000004 0.000005 0.000005 0.000005 0.000005 0.000005 0.000005 0.000004
8 -0.000117 -0.000001 0.000007 0.000006 0.000005 0.000006 0.000005 0.000013 0.000005 0.000004 0.000004 0.000003 0.000007 0.000002 0.000002 0.000003 0.000004 0.000010 0.000005 0.000005 0.000006 0.000003 0.000007 0.000006 0.000004
18 -0.000111 -0.000001 0.000006 0.000005 0.000004 0.000006 0.000005 0.000005 0.000004 0.000004 0.000004 0.000004 0.000006 0.000003 0.000003 0.000004 0.000004 0.000009 0.000004 0.000004 0.000005 0.000005 0.000007 0.000005 0.000005
18 -0.000113 -0.000002 0.000006 0.000005 0.000005 0.000005 0.000005 0.000006 0.000003 0.000004 0.000005 0.000003 0.000005 0.000003 0.000004 0.000004 0.000004 0.000010 0.000006 0.000006 0.000006 0.000002 0.000008 0.000006 0.000005
16 -0.000081 0.000002 0.000003 0.000003 0.000003 0.000004 0.000003 0.000003 0.000002 0.000004 0.000004 0.000005 0.000003 0.000005 0.000003 0.000005 0.000002 0.000004 0.000004 0.000003 0.000003 0.000004 0.000004 0.000003 0.000004
18 -0.000120 -0.000002 0.000007 0.000004 0.000005 0.000006 0.000005 0.000008 0.000005 0.000004 0.000004 0.000003 0.000006 0.000003 0.000005 0.000003 0.000004 0.000011 0.000005 0.000005 0.000006 0.000004 0.000008 0.000006 0.000005
21 -0.000092 -0.000001 0.000004 0.000004 0.000005 0.000003 0.000004 0.000004 0.000004 0.000004 0.000005 0.000004 0.000004 0.000005 0.000004 0.000004 0.000003 0.000004 0.000004 0.000003 0.000005 0.000003 0.000004 0.000005 0.000004
14 -0.000091 -0.000000 0.000003 0.000004 0.000004 0.000003 0.000005 0.000004 0.000004 0.000004 0.000004 0.000004 0.000003 0.000005 0.000004 0.000004 0.000003 0.000004 0.000004 0.000004 0.000004 0.000004 0.000004 0.000004 0.000004
15 -0.000106 0.000000 0.000004 0.000005 0.000005 0.000004 0.000005 0.000006 0.000006 0.000004 0.000003 0.000004 0.000004 0.000004 0.000007 0.000004 0.000006 0.000003 0.000005 0.000005 0.000004 0.000003 0.000004 0.000005 0.000004
9 -0.000095 -0.000001 0.000005 0.000004 0.000004 0.000004 0.000004 0.000005 0.000006 0.000004 0.000003 0.000004 0.000004 0.000003 0.000003 0.000003 0.000005 0.000004 0.000005 0.000004 0.000005 0.000004 0.000004 0.000004 0.000004
17 -0.000094 -0.000001 0.000004 0.000004 0.000004 0.000005 0.000004 0.000004 0.000004 0.000004 0.000003 0.000004 0.000005 0.000004 0.000005 0.000004 0.000005 0.000004 0.000003 0.000004 0.000004 0.000004 0.000004 0.000004 0.000004
17 -0.000108 -0.000001 0.000004 0.000006 0.000005 0.000004 0.000004 0.000007 0.000006 0.000004 0.000003 0.000005 0.000004 0.000004 0.000005 0.000003 0.000007 0.000004 0.000006 0.000005 0.000004 0.000005 0.000005 0.000005 0.000005
9 -0.000101 -0.000001 0.000004 0.000004 0.000005 0.000003 0.000004 0.000006 0.000006 0.000004 0.000004 0.000005 0.000005 0.000004 0.000004 0.000004 0.000004 0.000004 0.000005 0.000005 0.000004 0.000004 0.000004 0.000005 0.000004
15 -0.000096 -0.000000 0.000005 0.000004 0.000004 0.000003 0.000005 0.000004 0.000003 0.000004 0.000004 0.000004 0.000004 0.000005 0.000005 0.000004 0.000005 0.000003 0.000004 0.000005 0.000005 0.000005 0.000003 0.000004 0.000004
9 -0.000113 -0.000001 0.000006 0.000004 0.000008 0.000004 0.000005 0.000007 0.000010 0.000003 0.000002 0.000004 0.000005 0.000004 0.000004 0.000002 0.000007 0.000004 0.000005 0.000005 0.000004 0.000005 0.000005 0.000007 0.000004
5 -0.000126 -0.000001 0.000008 0.000005 0.000008 0.000005 0.000007 0.000008 0.000005 0.000005 0.000002 0.000006 0.000007 0.000006 0.000005 0.000004 0.000008 0.000003 0.000005 0.000006 0.000004 0.000006 0.000003 0.000006 0.000004
12 -0.000094 0.000001 0.000004 0.000004 0.000004 0.000004 0.000004 0.000004 0.000003 0.000004 0.000003 0.000005 0.000004 0.000005 0.000005 0.000004 0.000004 0.000004 0.000004 0.000004 0.000004 0.000004 0.000004 0.000004 0.000004
13 -0.000096 -0.000003 0.000005 0.000004 0.000006 0.000005 0.000003 0.000005 0.000004 0.000004 0.000003 0.000004 0.000006 0.000004 0.000004 0.000003 0.000006 0.000005 0.000004 0.000005 0.000006 0.000002 0.000004 0.000005 0.000003
11 -0.000093 0.000000 0.000004 0.000004 0.000003 0.000004 0.000004 0.000004 0.000004 0.000004 0.000005 0.000004 0.000003 0.000005 0.000004 0.000004 0.000004 0.000003 0.000005 0.000004 0.000004 0.000004 0.000004 0.000004 0.000004
18 -0.000112 -0.000002 0.000004 0.000006 0.000004 0.000007 0.000005 0.000006 0.000006 0.000004 0.000003 0.000004 0.000005 0.000003 0.000003 0.000004 0.000006 0.000008 0.000005 0.000005 0.000006 0.000003 0.000006 0.000005 0.000005
7 -0.000094 0.000001 0.000003 0.000004 0.000003 0.000004 0.000006 0.000005 0.000004 0.000004 0.000006 0.000003 0.000004 0.000004 0.000004 0.000005 0.000003 0.000003 0.000004 0.000004 0.000004 0.000005 0.000004 0.000003 0.000004
17 -0.000090 -0.000000 0.000003 0.000004 0.000003 0.000003 0.000004 0.000004 0.000002 0.000004 0.000003 0.000005 0.000004 0.000004 0.000005 0.000004 0.000005 0.000004 0.000004 0.000004 0.000004 0.000003 0.000004 0.000003 0.000004
17 -0.000098 -0.000002 0.000004 0.000005 0.000005 0.000004 0.000005 0.000005 0.000005 0.000004 0.000003 0.000004 0.000005 0.000004 0.000004 0.000004 0.000007 0.000003 0.000004 0.000005 0.000004 0.000003 0.000004 0.000004 0.000004
9 -0.000095 0.000000 0.000004 0.000004 0.000005 0.000004 0.000004 0.000004 0.000006 0.000004 0.000003 0.000004 0.000004 0.000004 0.000004 0.000004 0.000005 0.000003 0.000004 0.000005 0.000003 0.000002 0.000003 0.000005 0.000004
21 -0.000100 0.000000 0.000003 0.000005 0.000004 0.000005 0.000005 0.000003 0.000004 0.000004 0.000005 0.000004 0.000004 0.000004 0.000005 0.000003 0.000004 0.000005 0.000005 0.000005 0.000006 0.000004 0.000005 0.000004 0.000005
17 -0.000097 -0.000000 0.000004 0.000005 0.000004 0.000004 0.000004 0.000005 0.000004 0.000005 0.000004 0.000004 0.000004 0.000005 0.000005 0.000004 0.000006 0.000003 0.000005 0.000004 0.000004 0.000005 0.000003 0.000004 0.000004
21 -0.000094 -0.000000 0.000003 0.000004 0.000004 0.000004 0.000004 0.000003 0.000004 0.000005 0.000004 0.000004 0.000004 0.000004 0.000004 0.000004 0.000003 0.000004 0.000004 0.000004 0.000005 0.000003 0.000005 0.000004 0.000005
22 -0.000095 0.000000 0.000005 0.000005 0.000004 0.000004 0.000004 0.000003 0.000003 0.000004 0.000004 0.000005 0.000004 0.000005 0.000005 0.000005 0.000004 0.000004 0.000004 0.000004 0.000004 0.000005 0.000004 0.000004 0.000004
15 -0.000121 -0.000002 0.000003 0.000008 0.000006 0.000006 0.000004 0.000003 0.000006 0.000005 0.000003 0.000003 0.000004 0.000003 0.000012 0.000005 0.000005 0.000006 0.000008 0.000006 0.000007 0.000006 0.000006 0.000005 0.000005
11 -0.000087 0.000000 0.000003 0.000003 0.000003 0.000005 0.000003 0.000004 0.000002 0.000005 0.000005 0.000003 0.000003 0.000004 0.000004 0.000005 0.000003 0.000004 0.000004 0.000004 0.000004 0.000004 0.000004 0.000003 0.000004
22 -0.000111 0.000003 0.000002 0.000006 0.000002 0.000003 0.000002 0.000000 0.000001 0.000004 0.000010 0.000005 0.000004 0.000004 0.000011 0.000006 0.000006 0.000002 0.000004 0.000006 0.000007 0.000011 0.000005 0.000004 0.000004
15 -0.000106 0.000002 0.000006 0.000005 0.000004 0.000003 0.000005 0.000004 0.000003 0.000005 0.000004 0.000005 0.000005 0.000006 0.000007 0.000005 0.000006 0.000003 0.000004 0.000004 0.000005 0.000004 0.000003 0.000004 0.000004
4 -0.000106 -0.000000 0.000002 0.000007 0.000004 0.000006 0.000004 0.000005 0.000004 0.000005 0.000004 0.000003 0.000004 0.000002 0.000007 0.000003 0.000004 0.000004 0.000006 0.000005 0.000006 0.000003 0.000004 0.000005 0.000006
14 -0.000095 0.000001 0.000005 0.000004 0.000004 0.000003 0.000005 0.000003 0.000003 0.000005 0.000004 0.000004 0.000004 0.000005 0.000004 0.000005 0.000004 0.000004 0.000004 0.000004 0.000004 0.000004 0.000004 0.000004 0.000004
11 -0.000084 0.000000 0.000003 0.000003 0.000004 0.000003 0.000004 0.000002 0.000004 0.000004 0.000006 0.000005 0.000004 0.000005 0.000003 0.000004 0.000004 0.000003 0.000003 0.000003 0.000004 0.000002 0.000004 0.000004 0.000003
15 -0.000105 0.000001 0.000003 0.000005 0.000003 0.000004 0.000005 0.000002 0.000003 0.000004 0.000007 0.000003 0.000006 0.000003 0.000008 0.000004 0.000004 0.000006 0.000005 0.000006 0.000007 0.000003 0.000005 0.000005 0.000005
16 -0.000075 -0.000000 0.000002 0.000003 0.000002 0.000003 0.000003 0.000002 0.000001 0.000004 0.000005 0.000003 0.000003 0.000004 0.000004 0.000006 0.000003 0.000004 0.000004 0.000003 0.000004 0.000003 0.000004 0.000001 0.000005
14 -0.000092 0.000002 0.000004 0.000004 0.000003 0.000004 0.000004 0.000004 0.000003 0.000004 0.000004 0.000004 0.000004 0.000005 0.000004 0.000004 0.000003 0.000004 0.000004 0.000004 0.000004 0.000005 0.000004 0.000004 0.000004
24 -0.000097 0.000002 0.000004 0.000003 0.000006 0.000006 0.000005 0.000004 0.000004 0.000004 0.000004 0.000004 0.000002 0.000004 0.000004 0.000003 0.000003 0.000003 0.000003 0.000003 0.000002 0.000006 0.000005 0.000008 0.000004
15 -0.000089 0.000001 0.000003 0.000004 0.000004 0.000004 0.000004 0.000003 0.000003 0.000004 0.000004 0.000004 0.000003 0.000004 0.000005 0.000004 0.000004 0.000005 0.000003 0.000004 0.000004 0.000004 0.000003 0.000003 0.000004
6 -0.000098 0.000005 0.000002 0.000004 0.000006 0.000008 0.000003 0.000005 0.000006 0.000003 0.000003 0.000003 0.000004 0.000004 0.000001 0.000004 0.000002 0.000006 0.000004 0.000005 0.000003 0.000005 0.000004 0.000005 0.000003
22 -0.000116 -0.000012 0.000002 0.000001 0.000003 0.000000 0.000004 0.000000 0.000004 0.000005 0.000004 0.000003 0.000004 0.000004 0.000013 0.000004 0.000010 0.000005 0.000008 0.000006 0.000010 0.000013 0.000009 0.000008 0.000007
15 -0.000095 0.000002 0.000006 0.000005 0.000003 0.000003 0.000002 0.000006 0.000006 0.000003 0.000003 0.000004 0.000005 0.000005 0.000007 0.000004 0.000005 0.000002 0.000004 0.000004 0.000003 0.000003 0.000003 0.000004 0.000002
11 -0.000088 0.000001 0.000003 0.000005 0.000003 0.000005 0.000004 0.000001 0.000003 0.000004 0.000006 0.000004 0.000004 0.000004 0.000002 0.000005 0.000003 0.000003 0.000004 0.000004 0.000004 0.000004 0.000004 0.000003 0.000005
22 -0.000110 0.000003 0.000004 0.000005 0.000004 0.000003 0.000011 0.000003 0.000001 0.000007 0.000001 0.000007 0.000002 0.000007 0.000006 0.000005 0.000005 0.000004 0.000004 0.000005 0.000001 0.000013 0.000002 0.000002 0.000003
6 -0.000091 -0.000001 0.000005 0.000005 0.000004 0.000006 0.000004 0.000005 0.000004 0.000004 0.000005 0.000002 0.000005 0.000003 0.000004 0.000002 0.000003 0.000004 0.000004 0.000004 0.000005 0.000001 0.000005 0.000005 0.000004
9 -0.000123 -0.000003 0.000005 0.000007 0.000006 0.000006 0.000004 0.000005 0.000008 0.000005 0.000003 0.000005 0.000006 0.000003 0.000005 0.000004 0.000007 0.000007 0.000005 0.000005 0.000007 0.000005 0.000006 0.000006 0.000005
18 -0.000098 -0.000001 0.000005 0.000004 0.000004 0.000005 0.000004 0.000005 0.000003 0.000004 0.000005 0.000004 0.000005 0.000004 0.000004 0.000004 0.000004 0.000006 0.000004 0.000004 0.000005 0.000003 0.000006 0.000004 0.000005
8 -0.000105 -0.000001 0.000004 0.000005 0.000005 0.000004 0.000005 0.000006 0.000005 0.000004 0.000004 0.000004 0.000005 0.000003 0.000004 0.000003 0.000004 0.000006 0.000005 0.000005 0.000004 0.000005 0.000005 0.000006 0.000005
11 -0.000095 -0.000000 0.000003 0.000004 0.000004 0.000005 0.000005 0.000003 0.000003 0.000004 0.000005 0.000004 0.000004 0.000004 0.000005 0.000005 0.000003 0.000005 0.000004 0.000003 0.000004 0.000003 0.000004 0.000004 0.000004
3 -0.000113 -0.000001 0.000007 0.000005 0.000004 0.000005 0.000005 0.000006 0.000005 0.000004 0.000003 0.000004 0.000005 0.000004 0.000005 0.000003 0.000006 0.000006 0.000005 0.000005 0.000005 0.000004 0.000006 0.000006 0.000004
14 -0.000091 -0.000000 0.000005 0.000004 0.000004 0.000004 0.000003 0.000005 0.000004 0.000004 0.000004 0.000004 0.000004 0.000005 0.000004 0.000004 0.000003 0.000004 0.000004 0.000004 0.000004 0.000004 0.000004 0.000004 0.000004
15 -0.000092 0.000000 0.000004 0.000004 0.000005 0.000004 0.000004 0.000003 0.000004 0.000004 0.000003 0.000004 0.000004 0.000004 0.000005 0.000004 0.000003 0.000004 0.000004 0.000004 0.000004 0.000005 0.000004 0.000004 0.000004
11 -0.000101 -0.000001 0.000004 0.000004 0.000004 0.000004 0.000004 0.000005 0.000006 0.000004 0.000006 0.000004 0.000005 0.000003 0.000002 0.000004 0.000004 0.000006 0.000004 0.000004 0.000005 0.000004 0.000006 0.000005 0.000004
4 -0.000103 -0.000002 0.000003 0.000007 0.000004 0.000006 0.000005 0.000004 0.000003 0.000004 0.000005 0.000003 0.000005 0.000003 0.000004 0.000004 0.000005 0.000005 0.000005 0.000005 0.000005 0.000004 0.000006 0.000005 0.000005
22 -0.000098 0.000000 0.000004 0.000004 0.000004 0.000004 0.000005 0.000004 0.000004 0.000004 0.000004 0.000004 0.000005 0.000005 0.000005 0.000005 0.000003 0.000004 0.000004 0.000005 0.000004 0.000005 0.000004 0.000004 0.000004
24 -0.000109 -0.000001 0.000008 0.000004 0.000008 0.000003 0.000004 0.000005 0.000006 0.000005 0.000004 0.000004 0.000006 0.000004 0.000003 0.000003 0.000004 0.000004 0.000005 0.000004 0.000004 0.000005 0.000004 0.000008 0.000005
3 -0.000124 -0.000002 0.000008 0.000005 0.000006 0.000007 0.000007 0.000007 0.000008 0.000004 0.000003 0.000005 0.000006 0.000003 0.000004 0.000003 0.000008 0.000006 0.000006 0.000005 0.000004 0.000003 0.000006 0.000006 0.000005
5 -0.000102 0.000001 0.000003 0.000004 0.000008 0.000003 0.000004 0.000006 0.000008 0.000004 0.000004 0.000004 0.000003 0.000004 0.000003 0.000003 0.000004 0.000002 0.000006 0.000004 0.000003 0.000005 0.000004 0.000007 0.000004
5 -0.000087 -0.000001 0.000004 0.000004 0.000005 0.000004 0.000003 0.000003 0.000004 0.000004 0.000004 0.000004 0.000004 0.000004 0.000002 0.000004 0.000004 0.000004 0.000004 0.000004 0.000004 0.000004 0.000004 0.000004 0.000004
8 -0.000111 -0.000002 0.000005 0.000004 0.000007 0.000005 0.000005 0.000008 0.000007 0.000004 0.000003 0.000005 0.000005 0.000004 0.000003 0.000003 0.000007 0.000004 0.000005 0.000005 0.000005 0.000004 0.000004 0.000007 0.000005
22 -0.000099 0.000000 0.000004 0.000005 0.000004 0.000004 0.000004 0.000005 0.000005 0.000004 0.000004 0.000004 0.000004 0.000004 0.000004 0.000003 0.000004 0.000005 0.000004 0.000004 0.000004 0.000005 0.000005 0.000005 0.000004
3 -0.000093 0.000001 0.000007 0.000005 0.000005 0.000003 0.000004 0.000003 0.000003 0.000004 0.000004 0.000004 0.000005 0.000004 0.000003 0.000003 0.000005 0.000005 0.000004 0.000003 0.000003 0.000004 0.000004 0.000004 0.000004
24 -0.000109 -0.000002 0.000007 0.000005 0.000005 0.000005 0.000004 0.000004 0.000005 0.000005 0.000004 0.000004 0.000006 0.000004 0.000005 0.000002 0.000003 0.000006 0.000005 0.000004 0.000005 0.000003 0.000006 0.000009 0.000005
11 -0.000087 -0.000000 0.000004 0.000004 0.000004 0.000004 0.000003 0.000003 0.000004 0.000004 0.000005 0.000003 0.000004 0.000003 0.000004 0.000004 0.000002 0.000005 0.000004 0.000003 0.000004 0.000003 0.000004 0.000005 0.000004
3 -0.000133 -0.000001 0.000013 0.000005 0.000006 0.000006 0.000004 0.000008 0.000009 0.000005 0.000002 0.000004 0.000009 0.000003 0.000006 0.000003 0.000006 0.000006 0.000005 0.000005 0.000005 0.000003 0.000005 0.000009 0.000005
18 -0.000100 -0.000000 0.000005 0.000004 0.000004 0.000004 0.000005 0.000004 0.000005 0.000005 0.000005 0.000004 0.000003 0.000004 0.000003 0.000004 0.000003 0.000006 0.000004 0.000004 0.000004 0.000006 0.000004 0.000005 0.000005
18 -0.000088 -0.000001 0.000004 0.000003 0.000003 0.000005 0.000004 0.000004 0.000004 0.000003 0.000003 0.000005 0.000004 0.000005 0.000003 0.000004 0.000004 0.000005 0.000003 0.000004 0.000003 0.000005 0.000004 0.000003 0.000004
9 -0.000097 0.000001 0.000004 0.000003 0.000006 0.000003 0.000004 0.000005 0.000007 0.000004 0.000004 0.000004 0.000003 0.000005 0.000004 0.000004 0.000004 0.000003 0.000005 0.000004 0.000004 0.000006 0.000004 0.000006 0.000004
9 -0.000100 -0.000002 0.000003 0.000004 0.000007 0.000005 0.000005 0.000005 0.000007 0.000004 0.000004 0.000004 0.000003 0.000004 0.000004 0.000004 0.000005 0.000004 0.000005 0.000004 0.000004 0.000005 0.000004 0.000005 0.000004
9 -0.000107 0.000000 0.000006 0.000005 0.000006 0.000004 0.000005 0.000005 0.000006 0.000004 0.000004 0.000004 0.000004 0.000004 0.000003 0.000004 0.000006 0.000004 0.000004 0.000005 0.000005 0.000005 0.000004 0.000005 0.000005
9 -0.000097 -0.000001 0.000004 0.000005 0.000005 0.000004 0.000004 0.000005 0.000006 0.000004 0.000004 0.000004 0.000004 0.000004 0.000004 0.000004 0.000005 0.000004 0.000005 0.000004 0.000003 0.000004 0.000004 0.000005 0.000004
21 -0.000090 0.000000 0.000004 0.000003 0.000003 0.000004 0.000003 0.000004 0.000004 0.000004 0.000004 0.000004 0.000004 0.000005 0.000004 0.000004 0.000003 0.000004 0.000004 0.000004 0.000005 0.000004 0.000004 0.000003 0.000004
11 -0.000090 0.000000 0.000003 0.000004 0.000004 0.000005 0.000003 0.000003 0.000003 0.000004 0.000006 0.000004 0.000004 0.000004 0.000005 0.000004 0.000002 0.000004 0.000004 0.000004 0.000005 0.000002 0.000005 0.000004 0.000005
22 -0.000082 0.000000 0.000003 0.000003 0.000003 0.000003 0.000004 0.000001 0.000003 0.000004 0.000003 0.000004 0.000003 0.000004 0.000004 0.000004 0.000004 0.000004 0.000003 0.000004 0.000003 0.000006 0.000003 0.000003 0.000004
4 -0.000099 -0.000000 0.000004 0.000005 0.000004 0.000004 0.000004 0.000004 0.000004 0.000004 0.000005 0.000004 0.000004 0.000003 0.000004 0.000003 0.000004 0.000004 0.000005 0.000004 0.000004 0.000003 0.000005 0.000005 0.000004
