4 -20.382482 -44.315868 -68.492850 74.387977 -64.098223 -27.134899 46.224767 -11.953168 48.691038 19.740515 7.118041 24.304394 -48.487930 63.281978 15.459152 33.066502 21.917548 -86.431176 42.138421 -12.201943 -5.136958 19.392630 -4.435365 -56.508030 33.855932
1 90.208177 25.175676 53.760351 -2.866707 6.931353 -26.420340 5.371644 23.556971 50.113160 -24.971814 -7.689713 -57.784465 4.911087 -32.780424 13.248695 -49.973326 -85.551031 -56.405686 0.740082 -17.222856 49.610214 12.991125 0.204308 24.710146 0.133383
13 78.458750 -36.998592 55.253009 24.505095 29.274014 14.412444 -35.702621 78.502264 8.074050 -28.324827 -11.721900 0.155989 92.851543 -33.299715 7.106853 -92.080285 -77.788752 -29.538516 -10.037830 10.155234 34.845595 -68.330184 10.039560 -35.234679 15.423506
5 -41.135228 -60.678554 -21.473630 14.378834 55.650596 -13.982580 7.783334 -16.782941 22.151237 21.977562 -10.266101 20.024748 50.074715 -27.977003 -4.827092 -4.775982 5.987425 -58.065847 46.533028 -10.681788 37.753204 -39.633110 29.975237 3.895256 -5.905312
5 -21.533960 -29.126462 -36.063826 -15.624681 73.403391 -20.737341 44.039239 22.426109 -23.809614 34.503180 11.560548 -30.610456 42.545232 11.567510 5.642675 -61.957082 26.621688 -27.120796 29.222900 40.128856 44.956982 -106.010676 -33.580627 15.445236 4.111978
15 41.777109 -22.582558 -21.454118 4.189053 10.959667 39.680928 -9.954221 37.426233 11.896169 -8.762471 13.545933 -1.507150 15.610443 -0.425332 42.139001 -87.965391 -94.895444 -79.776469 24.165266 2.733666 35.133927 25.808624 -20.311749 8.094693 34.474202
1 82.301641 29.735473 -19.692465 -0.342543 -6.868838 -11.056272 -15.873082 -15.545827 -8.131367 -24.100057 -5.485450 7.836222 -2.308073 2.599826 3.100587 7.613845 8.729763 -16.700937 -10.260864 4.257334 27.002733 12.435292 0.761102 -52.315775 2.307739
12 -48.255722 13.927866 -1.378969 -22.399859 24.665635 23.186376 -13.192784 -2.311372 -10.274658 9.567927 -8.769075 54.272100 -43.128909 -12.485557 50.362205 19.097141 -40.630529 -40.593195 -9.081190 30.871432 -36.792721 19.957942 27.246048 -14.425224 30.565101
25 -16.491691 33.227318 -10.864111 -28.298433 12.812875 1.365350 -6.906510 -48.650407 34.693087 -6.809525 -2.202515 -18.915480 -56.329486 -3.380396 24.104708 18.737301 -50.923739 -19.537753 11.343906 16.547263 42.387613 3.867009 -24.276795 42.874751 51.625665
8 30.785261 -42.897402 43.671981 19.059488 -36.922827 -17.479409 2.813217 58.655064 3.639211 -1.988801 13.414634 28.538922 -11.999200 -7.409068 2.153485 -41.020138 -47.811828 -62.503255 3.039420 17.743338 -15.724076 34.336754 -2.195468 23.172172 6.928522
22 35.691665 6.505514 -12.629214 -28.794676 6.168517 -5.070563 -34.372659 12.990448 51.437995 -72.714330 -55.476428 25.254275 40.845614 -21.392060 -22.447014 31.824990 -23.006696 -7.427593 -24.249790 21.339054 -26.449739 74.224678 1.017094 -4.371497 31.102426
12 8.880983 12.258675 -1.584232 -23.445067 21.219464 -22.770670 -8.514712 -3.657822 0.439672 7.878555 -45.118572 57.755638 -21.843958 -1.192720 49.464285 18.792337 -19.893007 -44.205577 -3.334479 9.883118 22.015690 26.899023 -40.000394 -14.334010 14.407790
25 -31.320155 17.866025 -48.642220 -53.032526 19.364780 53.113316 -20.191401 10.904226 -47.527702 8.395030 -70.640030 25.113280 -63.278293 12.673162 65.398324 74.023426 -39.245541 18.671054 4.926105 33.218370 -13.106971 35.490135 24.853627 -116.526567 99.500552
1 90.343414 -47.238144 -49.065124 86.593108 33.240166 -58.032275 32.350926 -17.330214 -27.501222 20.007724 -36.299292 19.355212 15.965953 18.243744 18.179545 9.995667 -70.944424 -26.657599 -8.299976 46.919329 10.306089 22.018068 -27.576485 -39.897288 -14.676906
9 -1.144677 71.602360 56.389884 -7.812760 -2.075122 -35.714597 3.964619 24.306603 113.681141 -29.526357 -57.826304 5.368558 -20.360991 -47.108294 48.474234 16.104380 -26.432288 -38.181576 -21.942723 6.944585 40.661867 -55.768529 -6.504188 16.025507 -53.125323
2 7.366942 128.170844 -84.633716 -83.721924 16.830340 -20.278700 -40.857734 -56.856475 -41.010184 -58.273293 -93.677299 12.972142 57.702672 21.811480 52.947573 44.077290 34.400366 -41.995850 8.576144 37.043901 -75.901326 57.048866 47.437163 64.851100 5.969687
15 39.454580 77.868640 37.485223 -105.372332 24.329912 -2.473901 -37.113543 33.408137 17.979081 -34.347154 -94.123102 -58.849513 -55.704979 -3.583386 105.071050 52.580456 -88.744072 72.118076 -75.003788 93.876637 -111.867068 82.638773 -19.521964 21.230937 28.663292
22 -14.800544 29.748041 -2.435173 -55.224155 16.109091 -61.809822 -53.002559 24.573357 38.192540 25.085055 21.492895 -5.807716 -16.131969 22.426217 28.567904 18.937086 -40.369041 -33.004018 -33.553110 -54.036646 -31.978813 83.171149 35.751940 23.266448 34.831855
16 -3.706817 70.060771 -45.417364 -32.678836 -54.319303 -42.202113 -47.014203 23.708292 -30.468473 -42.529934 -45.032081 22.463166 -18.061827 -3.142266 44.402526 76.884595 7.379248 -0.577142 1.275438 -11.579953 27.004559 70.924499 21.711375 22.205973 -11.290127
9 -6.593992 -8.826949 17.464678 -12.757751 41.906061 -32.758967 15.234390 21.304176 68.736786 -27.505009 -18.701756 21.243606 -20.292361 28.936717 51.268370 2.104176 21.127863 -9.421956 -79.646504 -2.886376 -16.946572 -61.121988 33.198586 0.218366 -25.283584
3 6.819804 36.740842 106.019413 47.686673 49.489254 10.000142 10.870447 -12.516185 65.436062 -25.711160 -46.103161 -10.983005 -1.546853 -51.563606 23.864596 -49.534371 -117.555063 -18.660007 3.878191 -15.905684 -46.779064 75.024104 -64.643427 4.148145 21.523916
10 -16.770681 -32.816697 -27.907446 48.806895 -41.184416 -5.080063 4.909146 -7.577926 26.979581 81.796417 17.908373 22.057902 -11.179387 13.644805 1.160031 3.501172 -28.504446 -83.089010 25.548281 -84.564276 33.845385 60.367910 -39.504358 -2.436589 40.089388
8 -9.448705 -91.710062 -36.230208 -3.317671 30.354236 -36.948141 16.764000 69.548333 19.895813 49.260059 -27.062263 14.460237 30.710306 -14.530100 35.576940 6.276612 -57.445901 3.144853 0.302059 29.127926 63.287466 34.178976 -9.866675 -146.715274 30.387199
8 -16.770326 34.954087 22.295991 -21.862676 16.820911 6.812036 -30.942577 49.807202 21.549327 -40.259697 -40.328237 -4.708623 -9.916356 -42.855690 32.493365 -44.971133 -24.660345 -61.612505 22.023908 13.224273 24.505658 39.865095 30.297912 -8.393528 32.631944
3 -17.126396 22.557689 54.811831 22.078955 25.001930 23.023112 -48.574190 -14.102227 -8.883368 10.805916 34.580990 -44.918905 6.563368 -60.827414 3.513039 -32.160228 -25.173790 15.415637 33.040874 10.070291 -24.955450 -29.845157 0.015202 17.963291 27.125010
24 36.880216 -49.698323 20.548746 -32.326002 6.732328 -26.769796 -7.722899 -53.627581 -11.108863 -2.876817 9.790356 -18.959580 -17.778342 -33.008261 -0.942953 39.173975 -28.729203 4.126330 58.026697 -25.155546 44.751465 31.081623 12.695355 62.945379 -18.048297
19 63.282029 -69.581307 -3.528743 -11.047005 3.429540 2.871673 5.178694 -5.029817 -19.288659 23.288966 11.184893 23.411025 94.793251 -19.778790 7.969014 -82.273549 -29.217112 -32.973980 95.418414 -30.220472 45.896383 -97.233744 41.506023 -36.867792 18.811074
20 50.419533 -80.405195 25.598881 16.546754 -0.192340 12.522550 14.538889 5.941784 52.500365 -3.772106 28.391047 -44.781186 50.098442 7.883255 -15.022378 -65.286890 -56.930665 -42.627294 -28.021956 108.698431 4.784135 7.450247 -53.472264 6.420272 -1.282303
1 126.343756 11.683055 -4.757923 39.687186 -40.743928 -5.847836 -51.063078 105.168521 -10.050582 -59.131631 -33.509082 -27.223482 32.724463 -12.309016 -16.840059 -38.407543 -83.587408 11.625188 14.137716 -36.243885 5.431978 80.470702 -44.166454 3.807592 32.801754
3 77.912368 -67.946266 202.562469 42.899953 15.539372 20.591753 -36.987059 111.930864 -25.105728 -39.880908 -14.157204 -39.554694 44.587783 -36.111018 11.928337 -96.566436 -148.661319 4.601911 32.878143 23.976636 33.982291 -49.350367 -24.664620 -49.244670 4.838410
9 31.713398 -87.738973 20.129265 21.646966 11.667187 -1.953430 30.312860 11.572256 44.461398 30.235762 15.374743 -39.796458 -34.430776 -11.860450 -36.586008 -63.846896 -1.772219 -16.408280 43.338903 39.977781 41.023984 -45.623530 37.410448 -45.072212 6.224291
9 -82.399320 -84.572794 -38.593972 -14.812785 -23.555035 -12.382757 76.561087 -3.673083 87.300926 79.582580 36.628663 11.528735 26.580644 25.211603 80.790433 -1.414492 27.608918 -59.279256 12.446985 -0.527490 42.715632 -51.897989 -21.680320 -83.970702 -28.196204
17 17.735198 -38.434761 -84.694451 78.093145 -23.493400 -7.079174 38.745063 7.037555 -11.623234 -6.946142 20.531662 29.895640 6.118495 17.108454 -53.167365 -10.187255 126.774800 24.070526 44.495755 30.136350 -2.176927 -136.067143 -6.988024 -55.412187 -4.472575
21 15.935222 -15.880589 -48.358682 -52.832076 -66.377668 43.750174 13.189249 -98.977589 23.761870 27.401716 -2.128827 64.429459 10.036821 45.984099 24.136367 32.753356 12.943976 14.587963 -23.263917 -32.376006 95.781404 -34.029296 -19.245215 2.732268 -33.954073
7 23.924588 -34.970502 -13.438824 -25.405371 20.232149 27.378207 41.230314 -16.081958 31.666410 -11.228685 -25.652450 16.126927 2.601279 -33.276461 5.427578 1.079478 -18.426088 11.164674 29.621684 -20.871167 26.809726 -10.631369 24.515187 -56.064028 4.268706
9 -6.881527 -5.669277 4.988571 51.347442 5.178644 50.736815 17.734650 -17.401842 51.962922 -8.997612 35.027480 1.075534 -63.038861 -1.816237 -18.452088 -54.029921 8.392605 17.012564 22.157353 -7.668000 25.635253 -96.222420 18.723442 -29.656444 -0.139040
7 49.398721 -37.305990 3.674082 -16.229664 -9.106523 47.294236 56.376376 33.335181 10.430969 35.194865 36.979688 -1.404505 -44.354955 8.488191 -47.026152 -67.914023 4.332865 -39.153705 44.155623 -52.875283 21.865075 -23.596686 16.704778 -13.389784 -15.873378
13 -0.657424 -38.173981 48.293277 33.527837 19.829874 37.972413 2.569623 -63.049419 3.536972 23.453758 64.072363 24.303103 65.995665 46.837180 37.316066 -61.916443 -61.634516 -64.828113 53.686416 -71.647956 44.761583 -65.262506 -52.756304 -21.789241 -4.440216
17 27.102891 -48.226207 -63.374398 -2.773714 -9.702704 26.486646 34.726757 24.934206 11.915603 -8.428218 -16.160051 -3.595135 -7.517042 50.136235 17.665663 27.292399 100.694079 1.192293 0.417542 14.926884 7.651100 -121.506860 30.941086 -46.478275 -48.320768
17 23.369734 -59.981106 -231.167112 51.163854 -52.783165 13.399248 95.104170 -20.002221 7.348120 56.798266 -17.815790 78.227262 40.516667 113.321064 54.823028 55.477019 213.503285 -44.020254 2.870382 -4.983097 31.336819 -198.609019 -73.436897 -105.999647 -28.460614
13 6.634959 -3.959545 -9.737708 6.913295 27.667401 49.235212 15.703224 -26.535824 -2.615943 -20.503217 -34.779677 8.384119 67.338060 -41.213539 -42.032598 23.185622 -23.598620 -3.772129 -17.042176 57.781224 -19.668858 3.882059 -6.419820 -30.089660 15.244152
4 3.029160 -9.022854 31.905659 101.781677 -50.183472 -4.515292 -13.173451 6.128837 16.857032 51.992367 76.635807 -22.429488 9.981924 -31.213459 -12.904741 -106.902883 -32.576235 -73.452449 38.029714 15.880714 -10.749187 -49.559881 -34.671623 76.200425 22.931700
7 -35.358516 -21.249682 -79.365302 -15.736352 -53.286360 38.870334 76.446353 -38.844771 -63.761660 63.433569 9.676290 29.244101 -106.679308 38.195846 41.348686 76.295602 62.574869 -17.239613 49.874509 -52.714260 -10.450231 52.129584 0.290498 -39.787936 -3.906242
8 19.916886 35.419645 -43.223757 23.165489 54.091376 -59.500244 -6.039816 77.192162 4.356494 -30.458265 -43.621594 4.524404 -5.472098 -15.133377 1.199001 -52.221066 23.790289 -35.046213 6.988819 -12.255312 8.972585 -12.762932 63.471590 -22.031702 14.677644
5 -11.377296 66.089589 -12.506524 -11.697105 68.095257 16.550384 -3.935573 -22.677511 -13.980116 27.536715 -11.375680 23.315973 3.589219 -32.736393 -5.340652 -14.526445 -25.963855 -56.934186 32.166641 0.510812 -38.535179 35.895193 20.432809 -36.292835 3.696761
17 8.624908 -21.364458 -33.997038 31.364548 23.146961 -6.120085 -0.318822 -43.914917 -29.892427 3.164270 -13.013417 -10.579300 -7.408375 13.482419 -21.962976 30.014946 73.968784 -21.175778 42.201333 14.615625 13.742618 -16.994864 -21.987655 -9.226048 3.629753
17 21.208363 -68.373952 -12.330571 -3.020969 12.884402 39.369694 -1.351116 -31.462159 39.312443 -8.868149 -16.923603 14.233338 -15.142810 -7.642717 28.219009 2.791958 51.639785 -62.788900 -10.219828 -3.833980 45.882647 -57.715553 -27.753082 34.502295 37.383466
9 45.022191 -65.060218 61.122180 71.710268 29.262800 -14.881090 2.187708 -47.750901 95.326573 0.191123 18.173022 -32.006618 5.263689 7.156445 -14.914100 -72.093912 -82.000870 -18.494905 -13.621398 92.504610 17.183933 -7.110551 -28.937070 -7.511115 -40.721781
11 1.646348 -12.062611 -5.374887 44.089769 -0.206011 9.580683 10.326829 27.591157 41.507873 -33.815817 50.419748 -5.993204 15.698325 -9.809123 -60.221250 -57.838371 -30.009038 -10.979988 37.380668 6.791766 44.977465 -52.164887 -9.961465 -11.999642 10.425675
9 -10.006329 -28.559493 -14.896599 71.152621 72.056734 55.942718 -5.294785 -82.332213 80.434407 20.059897 14.546268 -17.392347 38.822717 8.241974 13.653621 -79.274355 -36.092588 -89.494071 18.776996 1.666646 23.351454 -37.779169 -59.989420 -1.741581 44.146906
11 -31.178391 -24.733015 59.628814 33.055975 20.298416 24.302406 -20.639664 -26.315323 44.001025 21.014308 59.655804 -19.105570 34.783748 33.426414 24.336541 -68.470940 -18.905210 -58.859388 -2.698556 1.582734 7.546062 -108.563289 49.081354 -51.917360 18.673121
4 12.897342 27.329505 -56.814684 58.200940 6.587716 19.169243 -23.479359 -50.439988 -7.034705 25.172096 25.649338 -14.645880 -13.864408 17.547504 15.563967 -13.866100 35.880658 19.405501 17.385005 -29.361256 -10.426998 -47.870225 9.838567 -59.036844 36.213073
3 37.929034 18.040077 71.390430 27.078365 66.077891 2.628345 34.409517 9.694717 4.224537 6.004710 43.484489 -28.878467 -72.523508 -30.686302 2.689520 -101.854359 -22.642673 26.003093 5.032029 44.683873 -7.389238 -92.716367 -9.204182 -8.377234 -25.098289
8 24.205723 9.020422 -56.580557 33.957507 39.340171 6.367235 10.110940 39.751475 11.300915 31.434014 5.146120 9.779489 16.344257 17.068599 34.562822 -53.359826 13.053331 -101.200408 23.696642 -78.232156 29.148022 -60.334646 -4.606098 -38.202536 38.228550
4 24.906081 4.018024 -24.680091 63.531588 10.720297 34.824805 -11.390730 -40.237331 -8.194227 -45.630700 36.303621 -7.472692 -24.953844 -1.960782 -6.596850 -51.475085 -21.671513 -6.371618 60.668171 -11.922519 51.760321 -19.094159 21.110663 -34.312783 8.121375
5 36.774795 -24.906732 17.076596 35.320388 61.405839 19.281831 -67.170611 37.437926 11.608168 -37.871012 7.798956 -35.883643 15.286763 -31.743461 0.492890 -74.999609 -5.656269 15.110808 36.168785 44.146943 16.658334 -76.934828 9.229391 -4.815621 -3.816615
9 -50.979298 -3.508087 -49.583052 29.925557 31.501372 1.509871 19.666278 1.264824 92.198105 3.503919 -4.918771 -12.309860 -14.633658 8.616591 -9.571981 -37.264852 -3.945465 -94.944486 -0.800763 54.064155 -8.680016 67.165032 -13.920533 -38.808447 34.453569
2 21.801689 65.684280 45.561269 57.234714 45.054777 17.386860 14.271371 -47.771894 -28.165103 -6.878027 7.479019 -34.955245 -15.830342 -37.679704 -8.195281 -116.300252 -101.358728 -13.362171 44.819479 19.925387 -0.631889 20.551846 10.070905 -11.793366 53.080406
24 14.777466 3.851460 60.243161 6.498594 38.845427 22.531377 -27.291022 -15.597717 -10.367894 -15.473763 16.784953 -25.346157 -10.698705 -47.475816 -9.169237 -37.512430 40.857834 -58.054514 30.604100 -28.591447 8.776954 -84.636352 -0.381582 99.616302 27.209021
18 12.429597 -29.285382 50.896682 -10.429291 26.673752 19.788499 42.205068 -53.887014 43.336304 -10.594354 24.072766 -39.278698 -25.158991 -36.152081 -11.990741 -55.043794 -9.410311 57.098810 30.473846 -12.508457 39.004430 -52.459723 8.498943 -10.716359 2.436510
21 50.037651 -14.881532 -118.198406 -66.244049 0.703352 -29.363430 -6.259156 24.765596 41.292853 -10.234470 -1.554107 -4.923467 -21.703530 9.098663 -13.835177 32.308532 19.617486 2.824250 39.235238 25.937946 66.289112 -30.174230 28.014007 -70.410225 47.657107
17 -18.026397 5.614770 -43.373252 36.594792 -39.595920 -38.285460 1.805702 19.788328 -15.836829 32.679047 52.176016 14.376711 37.986109 -13.453577 -14.515697 -15.364460 68.322445 -33.212826 -4.355175 43.238821 -10.319591 -37.926662 10.002843 -79.021567 40.701839
14 34.130582 -12.892231 -51.598059 17.067206 -3.381165 41.106644 12.625787 -34.639301 27.596153 -5.562407 -3.270506 30.246632 -12.569083 54.476500 6.644452 -12.836699 49.495676 -32.653906 -13.727044 23.132204 -14.271616 -35.181763 -23.144268 -33.433135 -7.360651
14 4.923773 -8.032986 -29.156103 16.530069 -32.626558 0.102218 -19.984799 7.327254 17.136612 -4.968004 -40.361360 21.614934 7.726319 84.808582 78.887943 2.610609 -35.281090 -16.919420 35.960314 -35.530585 -18.763326 19.760223 -35.908796 -40.534097 20.678271
4 34.365360 -29.198602 -116.900237 80.070137 38.109598 -28.413233 30.078324 -68.221462 47.689519 22.813176 9.196299 -2.703886 -31.536632 14.444953 -34.869567 2.052551 14.765003 -5.103002 51.665368 29.978594 9.769375 -20.440558 -13.068049 -51.444451 16.901426
7 -37.090094 -5.316256 -90.713702 -41.811511 -5.259717 44.140382 72.063338 54.678983 51.135247 -8.938783 -14.193433 3.914539 -28.446274 61.177125 4.899993 -15.253307 71.157104 -13.085073 9.430966 20.863552 46.639188 -74.476087 26.169499 -103.626611 -28.059057
7 20.154870 -28.494350 -41.944530 34.004426 34.616941 40.479240 106.064756 -39.891409 -31.982251 32.037058 8.251267 27.188224 -13.849973 0.752188 -8.248557 30.321212 20.770899 -54.683490 -4.028221 -9.621688 -20.341682 -15.618614 10.074006 -66.867727 -29.142597
20 43.807220 -1.030233 -56.648954 -16.256765 13.517486 -43.601579 27.542854 -32.542417 66.420153 -24.098355 9.133352 -22.769969 -7.103766 -12.903383 0.249734 7.331910 27.414188 13.996683 0.312575 73.761979 26.214738 -30.291138 -29.201156 -25.665632 -7.589512
20 -38.624313 -45.559756 -46.951910 30.512121 -2.645828 -0.782601 23.156040 -46.970612 -30.847653 31.533994 26.862258 0.940316 -32.220213 44.642974 12.704943 -47.598161 40.406722 -72.076242 68.113805 74.654107 -19.872707 22.460787 17.876967 -20.930646 11.215599
17 37.036736 22.850739 -103.304576 65.450219 23.064327 -3.712131 55.720379 -11.229745 26.516199 26.340089 -6.195423 40.450189 1.604216 34.974939 5.648705 20.585345 69.499651 -23.199720 -25.325807 32.392959 -26.493195 -79.406409 -49.970367 -84.211629 -49.085687
8 0.657058 81.769037 36.714637 -12.160627 -19.407066 -41.066489 24.183867 177.264063 -47.581426 2.056464 -5.897923 -3.254377 32.843460 -64.474996 -77.067467 -9.985316 -76.946310 -28.033131 11.149872 2.517124 -0.808778 90.475622 10.848752 -65.260646 -18.535396
8 29.144028 -30.812230 42.715123 48.546825 -72.932742 -56.525426 -7.473702 75.187480 1.399411 57.972323 6.869629 12.211606 -42.534688 4.508325 13.459402 -58.210956 -27.074819 -8.418320 49.417224 -8.929203 -26.007887 0.441576 -60.527433 -6.702688 64.277148
8 12.063025 26.709678 28.661432 -16.645988 33.767351 4.109465 44.685746 66.836591 16.790052 -6.332108 -46.681738 12.316832 10.224904 13.928785 0.464233 -39.983891 -16.671347 -2.563905 -30.922870 20.585077 -78.117388 -2.968515 -9.238849 -40.520736 -0.495839
8 17.203926 40.236370 -22.967134 -25.455275 -24.238661 31.696380 24.779357 77.796754 4.023783 39.468353 -25.871870 28.802679 -44.808992 27.932537 37.728637 -13.455808 -79.638894 -7.007270 1.398818 -26.858416 -2.199655 -29.240082 29.598364 -48.584803 -10.339101
1 128.974382 -2.216743 34.927716 -61.857168 -53.523307 -57.072970 8.176709 56.721041 54.733182 -54.130907 -36.375323 28.489805 28.429050 -83.232860 -53.562728 -35.194197 55.210923 -11.476399 24.366087 56.574748 -15.581562 -36.087809 -6.255444 28.581355 1.382424
8 16.174324 10.341986 -46.720805 -27.444358 -11.786166 6.500314 -1.616271 125.792218 13.498831 -21.423404 -12.374754 2.264234 22.967853 -11.869255 22.969250 0.327991 7.981611 -2.434082 -32.477187 46.954176 -23.392022 -47.594932 1.137842 -28.989624 -8.787755
8 9.363871 -14.160603 -32.424766 15.284582 8.791029 23.226653 -3.402984 124.612669 27.550229 3.911705 0.311633 -47.574875 2.220993 9.223697 18.192216 -25.313820 28.789663 21.446050 -60.213813 58.724083 17.023524 -108.312220 -11.652837 -38.701643 -26.915023
8 6.611060 -5.875860 34.581346 7.105693 -57.475196 9.316646 -20.403887 84.917923 0.055330 31.357889 50.586214 30.519932 -27.946277 -10.168242 24.985328 -67.968924 9.609147 -26.573714 -39.613607 -20.154479 6.346945 -37.415192 53.968282 -66.832236 30.465887
8 -48.812587 33.965241 44.458403 -25.038945 11.253971 -44.206762 20.074007 133.048361 20.497244 34.265699 22.454464 -28.949614 4.408668 11.868471 28.178347 -52.965761 -82.759614 -30.772881 -17.088740 34.653699 0.016315 -52.404690 20.810549 -25.515620 -11.438212
7 -23.904654 9.039073 14.987020 5.992054 7.620886 -6.786829 83.404645 14.667654 2.454757 -21.036538 -26.168316 -24.668262 -25.097603 -11.249392 56.854104 72.113404 4.614758 -11.105770 -44.886180 -90.325546 14.435702 -92.841447 31.007780 68.230047 -7.351347
6 -13.694608 14.108145 -44.739103 -27.897035 15.279466 58.383317 -54.594714 -34.667830 38.977387 9.572030 -1.504752 12.742830 28.637502 19.385142 -14.281184 -8.095368 17.302088 -7.129010 -6.477623 -3.838726 29.214403 -14.511695 19.595959 -54.096791 22.330176
11 19.480901 -17.252664 46.807153 75.837927 -24.938809 38.935016 -2.590187 71.850445 53.978590 25.603785 78.647185 -16.211461 10.676487 -21.211796 -6.394434 -121.357174 -89.592123 -99.698026 29.271227 -48.961789 44.899061 -52.869953 -14.914711 4.355576 15.649776
2 20.081869 50.178030 36.003164 3.705326 -3.468159 -23.011729 23.779414 -16.359595 20.644472 4.392104 9.269941 -31.288510 -28.014072 4.237430 23.914176 -33.780360 -39.002084 -24.095943 7.006571 16.874220 -26.115173 -2.903169 -2.839513 -3.511455 14.303055
6 -2.388121 -30.512533 -13.213384 -15.384686 -36.852761 79.672579 -34.832075 22.603098 8.452159 32.947943 20.081006 33.104436 -41.625211 -12.974706 -5.219311 -19.371031 -5.383607 -32.567053 51.592955 -2.128748 70.210983 -79.101241 3.722508 26.565125 -17.398319
13 10.031289 -109.421156 -21.802864 65.927107 21.379362 21.919251 22.297088 -146.882561 56.650935 79.059924 13.869700 56.643100 80.324592 75.835366 -9.831890 8.306335 15.520377 -126.546473 20.246242 30.233694 70.547905 -60.384039 -103.528143 -89.273227 18.878091
1 60.646918 22.731364 29.744543 44.650079 39.557260 41.679916 -28.578050 -16.927015 -62.758658 -1.993040 3.684102 -12.095267 47.824262 5.998280 -15.907619 -30.357436 -14.130960 -71.638235 57.520512 -52.008460 -13.956155 15.219204 -22.809245 -64.144723 38.048431
4 -28.663974 -62.118719 -67.423806 94.997810 -34.521616 -71.756355 26.440663 55.042623 -23.955136 -0.821889 73.663823 21.138662 -10.817144 21.853995 35.211206 -17.263110 76.549130 -12.666671 15.429155 -12.909544 -22.553314 -54.866521 -29.532914 -50.110380 79.654025
4 35.234140 -34.845304 -67.738881 97.253518 56.407335 29.784266 15.859205 -41.532160 92.735516 26.020790 0.250784 -21.864710 -25.901616 36.132599 12.089465 -110.110150 47.843688 -121.398295 65.721480 -34.553688 11.023085 -71.487305 2.376587 -48.117815 48.817473
4 10.327330 -22.285321 -0.717537 91.727371 -8.262271 39.164961 10.836298 11.221013 46.452483 35.540442 30.245423 22.755738 14.254292 -0.572620 10.148592 -113.096334 -36.594599 -79.204349 0.416649 40.224140 32.517352 -75.148999 -31.575979 -68.812555 40.438479
9 -8.028470 -2.225870 44.353046 -13.023498 15.794584 53.485238 5.371782 7.922296 86.411736 9.361301 -16.893447 -34.529243 -24.646216 -37.947886 36.898650 -43.198471 3.890671 -57.886982 33.554315 -24.910658 -19.086781 -17.011994 -30.734641 14.150923 18.929615
4 -11.023403 -24.136783 -21.022034 69.906847 33.713506 4.700179 15.232566 -42.351717 13.696727 -13.170069 21.413060 15.798369 -29.530004 57.465182 17.768402 -33.271885 3.655315 18.639214 8.809337 30.910497 53.647184 -74.645403 -6.832216 -68.900799 -40.472063
7 -48.670554 -4.067488 -131.930534 -5.135973 -28.485789 21.467093 70.668813 6.684564 -25.357771 15.694098 3.140648 41.564000 4.814128 57.308874 12.968500 43.086078 67.368850 -35.927533 9.325511 35.392256 -5.311264 -62.876345 55.194343 -110.520914 13.606414
3 60.334198 -37.002773 69.257770 50.836884 -18.925854 11.061999 6.095978 52.964002 -8.221657 39.035224 13.774078 -7.727240 11.618424 -22.748174 -21.546782 -87.259933 -27.055630 -35.639235 32.649434 -27.632048 24.310900 -69.389310 14.085394 -15.304749 -7.570901
4 -30.020178 -51.655754 -103.271010 54.166941 38.365425 -7.606879 48.896512 14.845560 -19.739146 44.002427 31.598922 53.497088 3.685733 52.639987 15.165533 -5.175077 50.459793 -100.495898 47.681401 -38.262673 5.859013 -2.773399 -66.895003 -76.941980 41.972672
21 -7.218538 -17.325095 -106.232323 -8.320409 -42.392952 -8.092450 29.418289 11.113748 -2.658549 60.313992 33.954490 37.330516 6.287645 42.280984 34.033426 3.008832 60.157449 -101.950641 5.144246 -24.527646 83.586350 -32.113783 -31.047156 -72.760437 48.010013
9 -22.894333 22.949386 22.805934 20.503046 25.193421 49.506240 -16.370636 -7.345039 71.316387 9.900725 64.940789 -16.184221 -58.273883 -46.066183 -1.720783 -62.493747 34.890569 -42.582240 30.922481 -22.923679 -5.013234 -85.661513 21.498112 -35.266057 48.368464
1 54.419789 21.177612 41.030522 12.235114 6.070994 -26.950359 18.005554 -27.514461 27.775912 5.908998 1.076220 4.329222 -45.766199 -10.473229 8.008857 14.355680 -22.131686 -34.874869 14.499302 -47.289934 -22.440735 -0.806588 7.415634 20.479518 -18.540859
1 70.530488 -39.781001 17.980714 61.005052 -17.866197 40.280829 -23.127380 -15.057848 15.114642 33.825866 45.461674 -23.599671 -35.473573 33.644506 7.986090 -59.992382 -30.426879 -85.066557 64.548586 17.299457 26.020405 -29.314713 -55.556936 -9.165387 -9.269781
21 22.918556 -61.805059 -12.028886 46.238203 6.804129 -2.246507 60.320953 -94.596470 1.589483 52.178586 53.098952 -58.291968 -8.281388 -38.933708 -41.364207 -46.676827 -39.179070 -43.676954 26.668092 -38.687470 68.934869 28.316339 49.539977 18.404487 50.755903
4 12.324787 8.145825 35.133814 61.019193 -73.906020 6.749468 39.873894 42.373817 -8.858613 35.803843 58.130597 -17.662527 -27.663477 -14.746842 -21.696168 -93.996339 -67.206197 -15.151267 30.335486 -12.595475 46.710106 -38.662485 -23.062889 -21.650035 60.257500
25 50.864620 16.434839 -90.150855 -17.211927 39.400192 -30.854687 -18.266807 39.081493 -6.600344 49.977459 17.853174 0.410518 41.002349 -25.907183 18.192799 -67.276813 -41.356752 22.128463 19.018752 6.137879 -0.797949 -43.121208 25.156430 -57.435246 53.320812
25 -10.110829 -17.677639 14.008101 -44.091046 22.129625 -0.954332 -17.795604 -46.579458 -5.319754 -17.623022 -46.264225 35.672363 60.848318 -84.590781 9.017278 56.861279 8.646696 31.649046 12.373410 -25.213139 37.804687 -44.473118 26.702781 -51.857719 96.837090
3 -56.329878 17.412600 113.587597 -0.005546 73.856784 24.119681 -16.030080 -37.131037 76.798545 -45.593537 -26.101408 22.075397 22.904814 -102.195327 23.300543 -71.302103 -43.586607 29.967822 12.869289 -92.107848 85.365029 -93.049785 81.714084 -21.679418 21.140409
21 34.538881 -30.989338 -91.498331 -59.857930 -13.219835 53.524424 -1.295865 60.903865 -16.022517 -12.218204 5.902755 7.738345 24.609007 -25.073539 -5.893092 -45.797253 -55.244478 41.687020 4.582551 10.492773 86.795551 -33.402323 25.945143 -22.583766 56.376179
9 13.027484 -26.385903 56.450963 72.598803 39.757575 31.308538 37.845897 -23.776016 96.096039 -24.449530 6.542722 -28.959117 -16.616327 -0.023861 -7.221907 -32.070307 -47.020601 -36.508791 -24.413080 -12.312904 14.699238 -34.563092 -22.791796 -9.230790 -21.983234
8 30.174277 -27.860710 -64.526855 -61.462583 -19.133646 -47.306671 -13.106895 134.083116 -33.102219 28.956956 38.905913 -23.024847 35.177026 -15.185425 51.265470 -31.025804 82.019167 26.576613 5.552728 8.431637 27.394042 -107.518395 31.973449 -59.707134 2.450786
21 -9.955912 -58.729040 33.996588 0.855807 44.921579 17.306775 -20.052961 19.628930 -38.970524 82.019452 49.569136 13.012026 28.117697 6.491830 -8.980567 -88.735749 4.290445 -48.331936 48.552183 -100.858268 97.553658 -36.782225 -9.684934 -84.307159 59.073169
19 -63.679930 -31.556618 63.527306 4.435979 13.251660 -16.912697 24.070307 -19.490448 9.992478 5.770466 44.207492 -2.573373 28.167159 -8.763640 33.539138 -63.195413 -25.144994 -52.169858 73.531257 29.744781 48.632639 -67.605007 5.311290 -42.979050 9.889087
4 -50.833456 -107.215765 -53.139222 94.757430 -41.499301 -59.300938 42.521320 -46.935189 30.488307 56.621341 71.307850 56.560379 5.868299 18.091706 -11.179840 -11.580458 39.144357 -52.729885 5.399659 -29.197652 26.716194 -76.010493 54.066133 27.291896 10.787332
19 90.124373 -51.221454 81.866645 25.752190 -17.481686 -14.184400 -1.335158 -0.794912 13.565043 42.705668 -12.417257 -42.806036 3.880735 -16.266493 -20.678940 -53.239606 -31.948954 -3.800008 100.599825 -1.355766 22.722655 -79.948730 74.202997 -43.456420 -64.484297
9 56.897815 -40.231071 41.554282 -0.628928 13.045242 17.761341 46.260920 22.770155 64.746599 4.437786 18.773777 -2.043429 -27.368563 -6.943514 20.604113 -73.600203 -80.861548 6.692585 19.311839 13.428698 -22.627474 -26.979986 -13.538362 -52.645146 1.183077
10 -50.383439 86.078580 -124.654720 -18.676708 42.035257 -47.415633 -11.590673 -7.738641 -1.077823 92.771854 -30.157462 24.368098 -16.678492 36.638626 38.137124 71.577394 72.214404 -119.022246 7.880077 -8.559975 -6.695993 16.406988 -69.619627 -6.275834 30.438871
9 -35.332855 8.761789 13.120753 -1.585288 -15.063294 44.561342 -5.154987 35.371117 117.777380 57.614468 44.869443 31.190334 -9.183154 -22.669459 50.642775 -89.535683 -13.054590 -128.280258 36.061973 -49.023861 -16.682277 -41.210216 -14.189383 29.708272 -28.714340
7 34.417346 47.822966 -7.689551 -41.867509 -26.802854 28.740816 66.484402 28.191702 12.198722 -9.137638 26.274307 31.382602 25.324040 -38.760018 -41.457582 -5.891015 2.899385 -36.525807 -62.784210 20.847955 16.654533 -4.260474 -20.849752 -68.974229 23.761862
8 3.632239 50.953135 4.328264 -49.807106 42.607649 -4.043369 16.363762 69.661103 1.666016 40.780509 -23.087150 -5.699909 -22.041253 25.740882 15.880413 -10.007641 47.964168 -23.708706 -26.730485 19.552842 -88.379045 25.386638 -73.934431 -43.818848 6.740326
17 -17.946689 -49.381023 -63.924663 48.040657 -19.511981 -25.459894 15.203882 25.300290 -22.068743 29.147819 4.406319 27.872887 25.190126 67.226005 71.461884 -4.823653 76.613693 -49.240597 51.115976 33.409881 -17.549350 -30.308744 0.136721 -148.916988 -25.993807
25 -16.227558 -54.028256 -91.298804 49.406303 6.030269 -14.882269 -1.057934 27.988376 -36.354805 43.816729 15.643958 19.691172 3.981280 44.322997 -25.429844 -14.510755 34.259730 -29.414927 52.617793 27.550872 -13.543722 -0.206222 11.434596 -97.918446 58.129476
14 -2.099303 -3.098450 -95.623264 8.612030 -32.271604 0.311072 22.326280 -4.375069 9.254147 37.728399 45.753731 31.563141 -55.683037 60.109373 27.571519 17.105144 8.811864 -13.270288 26.981188 -24.725123 32.568707 -48.588735 -5.556963 -24.839536 -18.565221
3 44.651244 3.593585 61.461286 -92.639393 51.131292 10.719572 5.490626 -41.130635 -17.797503 18.173287 -19.946742 50.269009 -41.486831 32.053105 -3.598137 2.652714 -34.892564 -59.500530 -4.779649 34.165824 -22.173307 17.473165 18.398894 -21.829794 9.541483
5 23.718258 5.783006 22.871060 -13.815158 45.954293 25.083279 7.181008 -10.317082 12.423556 -20.549861 9.099556 -5.210599 6.870297 -38.741499 36.078635 1.189677 -113.529743 18.723565 3.607660 11.698307 7.111429 4.913612 13.355150 -48.899167 -4.599226
25 7.075890 -12.893088 39.688737 30.158210 19.575183 9.534704 -25.927263 -47.521250 8.599112 -3.196664 12.797056 -16.861780 -36.622238 -49.093128 -59.425682 -9.307895 -87.896058 -15.538098 11.961939 10.004847 39.142088 29.904753 44.360828 35.926135 65.553671
4 20.611915 21.539429 18.106837 63.929855 60.971269 -0.731533 10.000447 18.931877 -11.907849 60.161478 -14.297519 -27.344991 51.041204 -17.677015 11.003588 -77.996805 -48.963616 -64.281952 29.481197 48.992818 -29.247629 -3.659468 11.300128 -106.703136 -23.260522
19 68.676961 18.980774 -26.917575 -52.715407 40.761108 12.208497 -42.216980 -4.626750 -89.985311 8.001210 -4.279817 -23.932713 -0.646164 -7.677123 2.859867 -12.690753 28.776605 -9.140294 76.381930 68.029467 3.216440 -19.000585 -42.140611 7.253538 0.823687
3 39.356681 -24.837203 109.011936 71.508442 2.674339 -0.890291 26.269423 1.859683 5.754015 -38.410701 -47.001807 6.906522 24.548298 -17.978534 10.631912 -52.497774 -8.848988 -33.870166 5.986835 -26.922208 -27.910027 -19.448827 -57.066635 -1.068633 52.243701
24 5.443182 25.485713 -27.136714 -15.999277 -22.469363 -15.980069 -9.372073 2.390377 -28.787238 -9.860774 30.764100 -17.618247 -27.923635 -29.125686 -28.852120 -9.369630 14.450776 -0.394536 34.580630 50.840952 -30.931685 16.242480 30.954646 55.696089 6.972104
8 -18.530432 -67.429781 -41.445094 24.171222 -46.303432 -62.510664 28.616886 144.295300 28.604702 -34.889288 27.634544 -8.943753 58.759274 14.702189 -20.872380 -23.070753 10.229516 -12.213110 1.381202 44.961873 1.465040 -96.710840 23.047053 -9.222047 34.272789
8 9.635516 18.623411 46.664353 41.297244 1.812578 -26.922944 37.723024 63.212250 22.535213 19.433779 45.415978 -15.544768 -57.408676 21.027970 22.130366 -97.809237 -80.021651 -68.011437 -4.220656 -5.031396 54.677378 -49.892900 -59.442662 2.789108 57.328161
1 52.577496 -5.907504 -57.362042 -9.565638 -26.619064 -17.511431 4.145886 -16.672683 -47.978854 38.226738 -33.437470 46.938502 6.332810 3.603721 45.023998 38.632288 5.044378 -61.079216 12.798500 -47.350823 -2.899828 -5.484811 11.406527 45.150376 21.988134
9 39.221242 1.215484 -10.893807 -8.351767 17.975115 -15.615288 -22.977262 16.833030 58.165174 -57.834460 24.870505 -37.080853 8.992304 -27.684285 -21.291074 -27.844581 -2.637547 17.106280 13.663466 29.648571 42.016283 -12.335301 -31.757513 11.800088 -5.203784
13 21.482016 -6.733914 -57.910579 -26.258532 8.440214 -46.753018 -26.548411 17.922220 -69.319810 -32.956884 -16.532388 26.951710 64.509960 -25.578001 29.918726 43.819818 59.990126 57.143071 -6.859903 42.421960 -10.736009 -23.264733 30.184652 -62.613269 9.280988
8 34.606175 0.159514 18.419784 -36.093821 14.132957 -3.361188 33.140104 77.174593 -40.855251 53.937818 -34.976544 58.115319 -12.193620 3.439978 -2.331829 -28.212121 -20.782399 -53.405175 49.111415 -31.348449 -47.455611 18.575436 -16.375092 -50.093228 16.671234
16 13.597930 -4.736513 -4.091290 24.431010 38.664060 -37.629953 22.447444 9.337862 -26.651718 28.270402 -81.103724 36.531648 -10.892694 28.935508 21.093022 44.144485 -18.924833 -19.413902 7.866031 -24.187360 -22.682937 8.737550 -17.779844 -18.625426 2.663240
17 16.909169 48.051732 -107.823077 -39.127382 17.950929 15.415316 75.575658 -70.677376 39.401927 -7.595001 8.730510 22.717054 -15.948931 25.770239 49.464108 17.502396 77.946813 -19.153643 -11.436992 69.310079 -3.753403 -72.885516 -57.991831 -51.261501 -27.091275
19 1.369732 -10.605797 -54.424809 -13.717517 4.386044 -62.899253 -16.450143 -22.819668 -27.434522 8.429837 -56.635732 47.069535 -60.330226 12.035364 39.588984 27.404051 -0.299755 -34.911725 74.961623 25.068289 52.116356 51.358670 61.402468 -47.046701 2.384913
9 40.391213 -30.495126 -83.948666 -13.326600 -43.287795 32.050275 63.634998 -37.306818 88.376641 15.540848 48.037399 -28.612597 -4.048424 25.622117 -50.938073 14.096785 45.691614 -26.139821 23.363925 -30.345776 26.737637 -73.659763 13.050630 -43.634610 29.149998
14 -6.753384 -11.959878 -58.220769 81.885619 -1.239292 -20.865494 44.892845 -5.238758 -46.116071 25.721878 -24.325124 36.979122 -18.972684 111.837037 70.570769 2.606589 15.377386 -133.613572 40.585858 24.164715 6.013776 1.708128 -31.103644 -104.059741 0.124697
17 -5.092577 -38.993754 -156.176353 4.913407 -63.001761 24.353646 45.025958 63.390045 -6.665956 62.043586 23.787231 51.360149 0.589991 87.305419 43.600013 18.602729 111.322270 -33.047614 12.041751 -6.308259 19.054146 -115.848373 -19.307463 -111.772466 -11.175753
15 -51.813080 75.912699 -109.268434 -15.500524 19.107231 -26.534307 13.853431 60.662823 28.346023 54.830594 -2.177978 39.492688 -40.931816 22.394867 81.262028 13.785368 51.012948 -91.450809 -26.895827 -18.525565 39.108014 10.767606 -68.772094 -39.561362 -19.104517
6 -16.614711 -64.786690 23.880265 -21.608824 23.515950 71.907934 35.480497 69.665559 26.898349 5.982650 -55.026344 38.703429 49.758437 -42.252154 20.105215 -30.025363 19.324644 -51.315448 22.159475 -57.497952 49.731418 -14.978979 -23.365163 -30.453061 -49.189122
14 -0.455840 -40.624501 -51.305086 1.492767 -42.629585 -12.384695 -5.869864 15.039160 25.764773 48.218293 43.670573 53.391683 -13.838342 69.481753 55.379993 -4.405617 55.562543 -104.813093 -65.572659 0.928016 9.705295 -23.722562 -32.330123 -26.481770 45.798892
15 15.571122 -9.653942 -21.247863 -15.395973 -35.233744 -13.968765 34.574551 22.559154 -13.407241 45.446995 12.450896 21.435117 -4.143289 18.751213 94.426654 -14.398584 -5.228463 -81.611164 33.508565 -17.427606 6.602082 18.666144 25.108345 -90.554883 -26.829317
5 29.514204 14.220957 -23.175115 -41.141554 62.802015 -0.128636 -59.560784 -12.098140 -26.744320 50.752845 61.402067 45.680213 4.699797 -49.364912 27.233487 15.441774 -67.432252 -76.851087 32.213327 -28.109815 -39.490028 21.969899 42.380716 9.629892 6.155459
15 83.615555 62.653078 -22.989453 48.929576 -1.773622 -111.668190 -68.448165 2.169720 -30.367589 -36.783261 -70.149351 26.001804 11.075086 27.677879 91.800969 55.141212 -20.260551 -28.628297 10.587906 -14.721516 -4.202023 1.531468 -28.909259 8.227455 9.489565
5 -40.435649 -1.032786 31.476528 26.798687 53.555217 11.654728 42.826939 -51.196995 10.714989 6.919399 -11.139072 -15.966575 -8.743616 -24.600257 18.756529 -11.997794 -27.090136 -47.024068 32.274040 -17.902788 12.776751 19.554083 -34.534774 8.468969 15.887654
24 -7.882296 -8.237301 -15.811127 11.280316 -16.815906 -2.823743 10.686880 -33.647356 50.194596 -6.889011 2.889258 -10.493412 -7.641500 0.946221 1.142143 -22.577418 4.436272 -7.362806 19.140261 -15.047643 6.071997 -28.113558 -7.941415 54.775331 29.721216
1 136.516315 -98.516363 -65.317492 -41.412802 -114.952843 38.841854 -16.424694 -37.806152 25.028552 -44.399146 -34.864115 37.612886 -63.601333 65.882077 51.400765 56.874497 66.945964 -2.319631 -10.320357 -36.635642 24.930445 4.844063 40.572061 16.716334 0.404765
1 81.445580 58.521841 -33.064728 -21.160305 -31.983236 -22.246238 -8.606227 28.507957 -24.443240 -69.799523 -60.561340 3.026976 1.976196 -9.850165 77.095848 50.457060 -58.889022 -12.709221 36.567650 65.179832 6.206752 24.359649 -20.979443 -55.734631 -3.318011
15 13.396699 36.689725 0.076004 -2.372916 29.224354 8.521148 -68.167271 42.487101 58.882934 -33.618236 -43.033578 -16.548263 36.617324 56.511128 59.730991 -13.703645 -70.877211 -40.888563 9.188188 39.796498 -0.359293 51.589005 -67.631364 -26.488567 -59.022186
12 12.594270 50.168922 -18.184600 13.126563 11.796570 6.277205 10.373195 -110.029598 -4.078615 -37.667529 -45.767397 73.687778 3.420604 12.017111 52.566554 42.991318 -23.475351 -18.913501 31.421044 -12.717036 25.174029 54.991823 -18.131746 -60.473285 -51.168318
4 47.147131 -23.394855 -17.372491 58.860497 25.285411 -28.015545 42.597545 -61.295089 -26.475965 17.050895 10.960725 7.258451 -15.880505 -34.100899 24.750726 10.911466 44.243620 -18.311784 3.781030 -11.633172 -33.222391 -12.114258 -33.354769 20.079152 2.245079
22 42.296700 18.947286 -21.786186 -60.743914 1.537479 -30.547963 -16.998400 -6.752112 -19.352361 -25.651996 -24.346364 27.993965 -21.769165 -27.859477 34.048435 7.750609 -21.884833 35.564074 8.340306 36.732878 15.463140 46.348380 10.143536 -16.809650 9.335632
13 33.857953 12.824148 -50.338240 -15.576993 -19.270578 -41.190512 9.128018 22.586166 -34.700697 6.928773 -59.903170 7.373359 37.623136 1.968913 32.944672 17.022199 12.161305 -20.480651 8.231865 -5.595525 27.904271 25.507709 11.783254 -35.380943 14.591567
20 27.340435 10.796161 -60.516707 -71.130149 16.315798 47.379968 -33.031403 -5.921775 30.305575 -51.642412 -70.270151 9.270439 23.432280 30.157154 21.694618 -7.939434 31.360237 3.722571 12.893886 72.834720 -13.289625 15.029954 -41.676678 -5.234721 8.119280
12 -16.936244 -11.295209 -50.793753 13.281158 -0.126908 -25.544070 15.592261 -42.880293 -14.328254 55.543601 -0.159466 63.389562 5.731562 34.351968 21.839495 41.021246 16.631728 -51.361102 7.665354 -4.500310 30.303584 9.573285 -29.476740 -97.713717 30.191261
23 2.408949 24.754398 -124.503296 -35.957896 48.649631 -27.951756 11.291992 9.754887 0.298979 15.999054 -12.073524 6.124232 -13.435725 4.771323 11.267588 35.074544 43.319124 16.304917 43.538801 -9.602823 10.471489 -39.736360 50.274111 -71.343712 0.301078
1 84.936955 39.388139 -81.780660 -85.230481 -33.276830 -23.115177 3.835031 -99.679039 -41.744579 -63.513339 -61.332941 47.243137 62.146837 -10.281318 41.739969 62.257974 30.401742 -5.156111 69.110076 67.418118 -18.321578 49.775975 13.207122 34.093426 -82.122428
15 11.389894 35.973019 -78.704508 -79.115949 12.975413 9.020318 45.385390 -9.052598 -69.014099 -3.997895 -64.069252 25.071062 34.349601 -8.252515 87.211682 67.377550 33.682607 4.794464 -24.755980 -53.103877 47.384156 -49.867897 0.942431 -8.962467 33.339448
12 -37.151614 28.598074 -48.817656 44.100326 -34.927657 -0.645154 22.576416 -48.538470 -1.696011 69.108702 30.895022 72.065583 -23.771566 4.636039 1.461055 -8.563227 7.244314 -95.515700 41.189317 -36.264277 11.998217 38.308811 3.550655 -59.289299 19.448097
18 0.074642 41.183793 -42.312417 -17.009437 35.424605 16.432745 -21.421208 -40.004396 2.947091 -74.684555 -39.023579 6.757360 -35.863158 -6.615596 19.730802 48.990550 -27.275397 59.801392 13.482217 47.982065 23.540536 -28.200788 43.366246 -12.313176 -14.990321
20 -12.791668 43.281521 -93.122136 -48.594787 32.142984 -45.439002 3.446932 -47.146545 -1.855774 -20.061060 -66.145068 0.673260 -20.749533 54.600742 37.639426 89.931399 35.375006 -47.384437 30.296643 113.792006 -58.040918 67.201647 -13.822310 -31.401731 -1.826579
17 -13.589378 -65.712890 -66.348804 96.694272 28.200217 70.696690 51.682428 -90.369388 54.676960 30.750035 27.699146 -28.424981 -8.740971 37.055384 -7.887756 -62.753272 105.230439 -33.000711 75.275261 -9.099147 19.089797 -68.026633 -34.350241 -84.035501 -24.710944
16 -10.828047 19.591975 -59.692847 2.738628 -85.864340 -29.632817 53.262683 49.756566 -26.691947 -2.631711 -65.085276 67.052204 -13.265238 61.208428 16.443497 108.748170 -2.403792 -24.711745 -7.778854 -9.909928 16.949833 14.002884 -17.729031 -70.364538 16.835252
25 -13.547611 -38.881908 -33.752384 -19.827454 28.241609 3.238660 43.493440 -37.997528 2.637831 48.731264 33.446849 -9.222808 35.354048 11.245803 -11.359773 -59.392822 35.826228 -51.283732 30.308857 49.310585 19.040599 -93.907336 -5.287193 -23.374772 56.959556
6 -33.942652 -31.278072 -42.722974 -34.984792 68.618783 119.212189 -3.461545 27.915909 92.904559 -28.818596 -62.238547 9.640124 -97.003952 17.106492 39.985117 -9.796822 40.084980 -28.979913 8.136792 46.000049 20.923224 -1.682180 -35.163205 -42.387080 -38.067880
8 17.272046 -27.217943 -19.223314 32.955567 -5.437645 17.982840 42.467369 74.100466 0.235673 31.314595 -0.968949 7.335018 -13.877298 47.975513 -8.855426 -55.735412 39.060603 -61.448564 18.606327 -9.816744 -11.039994 -75.985948 -2.238259 -57.725577 20.265056
17 -20.806934 8.369738 -89.151141 14.856722 -24.313325 24.149588 45.606529 -1.157529 32.531784 -5.742955 37.096567 -6.652802 -14.746328 18.532458 1.401574 14.829847 81.033228 20.977641 -5.170925 -2.314883 25.339064 -99.013026 -17.171709 -30.092705 -8.390468
2 -48.934735 77.641065 -81.693880 -67.054935 57.045317 -63.763666 7.617058 -3.051767 -2.545149 -10.444520 -74.207997 14.201747 -21.553743 24.596051 31.956343 50.878068 76.340480 -26.484516 1.277316 -4.791218 -35.160583 26.175175 28.319227 14.110555 29.528306
4 -21.323668 -34.933397 -128.585093 185.002835 27.951509 23.547172 36.794218 -100.651610 -17.921438 39.666081 -29.594769 43.629891 2.413209 121.849968 24.861433 17.788757 85.395352 -24.863888 39.660861 -11.690445 -7.737887 -59.074560 -56.084967 -146.868961 -9.230599
7 6.701283 -33.775964 -33.921492 57.385723 19.452478 21.296003 71.492107 -29.381135 3.762310 -1.163776 13.777921 -1.304463 -6.213902 16.149804 18.567927 -21.641093 65.102857 18.339508 17.284393 -26.384065 20.588959 -118.596471 -31.086679 -33.188662 -13.243562
17 43.507114 -71.664158 -128.475886 20.120956 -99.657243 38.321765 3.450558 -36.179805 -11.827736 -28.720899 36.789642 43.710525 -26.741968 33.760412 -12.924149 24.862840 97.956470 54.587015 36.617336 46.736983 53.013546 -91.638497 8.057027 -65.244238 31.582402
18 4.666473 73.083444 -21.913429 -54.089327 -66.804897 11.599676 -9.125272 17.612822 -100.285725 -94.979998 -34.037521 1.941878 -20.406399 38.374891 41.099322 -5.541543 12.213554 99.063511 2.838533 63.615076 84.809748 -30.179854 77.413795 -64.222735 -26.746014
17 42.179327 -1.474370 10.449824 -2.048517 32.944412 18.430077 -8.233046 -42.006768 -13.804865 -15.395639 -36.412100 4.491521 -45.631438 -23.475692 11.653573 -15.983243 59.762318 36.881742 4.407704 -13.026165 -10.170701 -35.259842 17.715134 21.030819 2.975950
18 31.213951 17.810241 -19.115956 -17.244450 40.722498 5.761099 27.758249 14.483258 15.570785 -78.032962 -27.953388 -43.742594 30.707569 -33.743169 -9.680348 1.134555 -31.219095 85.279716 -25.772990 42.275534 -0.804868 -37.541278 52.245246 -10.826530 -29.285068
17 8.096365 13.382442 -44.870256 -56.336920 -38.113392 -42.117247 29.483397 -86.471545 -57.774843 -27.671502 -26.209167 -6.409812 16.483389 22.214464 36.445674 50.300276 71.796472 53.017078 28.435618 -28.030461 62.873678 -53.124143 51.048255 20.363379 3.188801
17 -29.985207 -84.701650 -147.043899 46.882743 -83.011581 36.769490 56.712807 -94.661247 -35.939868 -24.869874 -6.877019 34.910210 -16.957383 -12.714915 35.422870 62.559530 184.017275 91.824388 12.162849 -18.075261 87.292888 -170.947611 73.240217 18.445037 -14.454777
18 42.007999 -15.019023 -31.874138 29.443778 55.954881 22.055459 80.743015 -14.938901 -16.327673 -64.403297 1.803072 -9.327095 36.679887 -63.973514 -67.376621 -41.365699 4.208984 111.513271 -23.540054 49.780674 39.620216 -108.432544 56.711508 -50.198354 -23.745815
23 31.691861 -6.654818 49.328686 0.645398 26.497259 -10.068472 -5.550512 -68.463789 25.929127 -73.654506 40.978142 -63.721998 29.115865 -52.717317 30.787797 -49.639854 -6.501141 50.127283 -21.187906 60.640684 10.736314 -116.801181 88.920450 11.023730 18.538922
18 -3.821052 36.852836 9.879031 20.880373 49.154805 43.011825 -39.752700 -23.707833 -18.540299 -54.624426 -20.907062 -21.625861 -52.215028 -49.960049 12.306626 36.808658 -9.349015 57.532569 -46.787555 41.547341 -5.305297 -36.751657 51.750271 -9.073876 32.697380
12 -21.582640 42.758454 -62.713135 -9.680985 7.223462 27.033315 -3.721172 -9.913685 -30.123684 -29.910129 -18.854481 46.141389 -32.142620 13.582777 -7.403609 29.431955 24.971507 36.573690 -2.964147 -2.625026 31.964954 4.646207 -27.996440 7.235925 -11.931876
18 2.518370 -28.762474 67.740704 15.092079 -10.901239 -13.536568 12.677791 77.177976 -45.004976 -83.781632 -30.894358 -57.870459 -23.528265 3.782503 8.775479 -14.977980 20.075320 155.596034 10.683708 5.584116 16.541525 -150.212027 71.454840 3.790252 -12.020713
21 47.760531 -40.615591 -40.857231 -18.236270 -39.530900 -23.977225 -32.087579 -35.798976 4.248960 -35.735502 -5.565309 -20.488752 5.579068 -1.211139 29.234064 43.762723 -42.147368 37.643386 2.482094 -50.925076 79.330385 5.368243 59.807516 46.798779 25.161169
16 -0.331597 35.003594 22.412832 -25.997798 -20.074692 -24.532381 15.518818 -30.875667 40.544495 -6.805401 -36.688676 -21.514300 -62.841738 -0.465514 63.730514 89.448644 10.386609 -4.459280 -8.581216 12.976371 -1.872419 -22.901607 2.513044 -23.361742 -1.230883
1 57.922202 13.991691 25.657551 -5.864221 26.341497 3.787294 17.520801 -10.481322 -65.942862 28.177979 -10.340875 19.812416 -13.585618 2.805703 18.546275 -32.576337 10.813207 -29.175870 46.769661 -12.831936 7.645018 -4.790354 2.189925 -92.347593 -4.044243
20 37.904528 -26.494881 -27.390046 -8.082666 13.632330 24.906320 35.882577 -0.305159 -3.352036 -45.530978 28.779342 -56.945849 -10.316172 -60.131476 7.567568 8.448078 16.811291 67.462909 -6.145883 68.489311 43.091693 -78.302582 -8.645211 -13.166927 -8.166071
9 4.181393 -7.363313 6.394991 25.420219 10.384345 15.496081 42.066792 56.381400 80.958758 -40.496325 12.930812 -8.774030 16.732491 17.732701 -11.421122 -59.798161 -103.648063 -33.729428 50.288111 18.615640 -54.700059 -12.826254 -47.925782 -7.173552 30.272362
25 -36.323720 -58.625263 -14.189740 66.248755 -39.119167 17.713089 -46.220321 4.296514 15.923360 77.532106 32.546944 27.454734 41.360729 -5.066147 -11.171975 7.269141 -91.983899 -87.554891 48.883861 -48.976595 83.183211 -8.151965 7.334137 -69.725732 87.362839
2 40.128964 53.978677 27.490011 -5.694012 -38.141342 -29.414038 0.513770 -101.984418 -31.706947 -26.350591 -25.404684 23.367555 -39.447202 1.652960 24.408349 38.889568 -37.544055 3.670848 48.510160 -38.154265 31.010376 40.035738 31.134168 35.716104 -26.665695
20 -40.888177 12.460379 -31.778738 -39.228360 14.559262 -12.726654 49.016054 -25.429472 -8.817603 0.888543 2.068821 36.662170 28.123481 13.056764 3.853430 6.738828 18.543187 -22.095585 19.029593 53.419598 -13.717975 -1.297098 -34.454795 -45.000430 17.014784
7 23.488520 -43.512611 32.719751 48.306980 -13.188991 -3.422153 96.347892 79.224282 -29.876690 -29.189173 69.672534 -66.059562 -94.511228 3.819100 -63.747546 -66.656657 -39.393929 93.610989 -32.191877 48.778105 59.134350 -79.699132 3.675711 -18.040272 20.711613
2 0.737872 80.000064 -34.351632 -4.405788 11.480676 -53.644678 -9.679585 25.844967 -134.239674 -38.300739 -52.034292 59.808392 41.728269 -25.006194 16.275703 35.932824 72.738179 -56.286390 -8.378650 49.103848 -43.161791 66.924258 -23.244344 -28.288444 50.447158
16 43.511910 33.143096 -71.394465 -58.628153 32.309623 8.440917 -42.928428 28.036500 -2.754414 -59.151885 -75.567083 39.710033 33.288512 9.882783 -17.610971 53.451432 14.853873 -29.755747 -14.020564 42.196920 -12.967526 38.949582 6.347108 6.593488 -5.936533
21 2.873989 -41.134943 -34.594812 16.535016 16.881167 30.024165 -6.333773 26.045646 54.277118 -16.406150 47.328939 -47.454571 -29.151819 -5.839692 10.146407 -12.319019 18.107325 5.948803 32.190211 -58.150316 88.490984 -77.703245 3.582415 -1.001804 -22.342027
25 -44.088170 24.741547 -55.430235 -33.274304 -22.382007 14.999894 6.179365 26.323294 -4.455272 8.706694 1.273282 -15.424578 -27.076951 3.847252 38.528153 -23.562820 -19.947489 30.057016 17.307800 27.585013 -21.180555 -31.663898 19.686273 -11.762348 91.013047
3 -21.368707 -20.502362 37.720713 11.512203 21.879818 -27.333875 15.055356 16.083493 19.449409 -8.831627 10.235332 -48.905871 -25.128429 -19.987080 31.663843 -3.720921 -17.614979 6.900036 15.809639 24.410632 2.702417 -55.923596 5.652067 10.363495 19.879000
5 -6.302118 24.672705 51.260354 7.874422 68.178752 8.375349 -13.487900 -3.357247 29.691220 13.143623 -34.094011 7.741302 45.671023 5.544197 57.412537 -67.342416 -11.841445 -119.542128 43.257497 -45.938697 11.214378 24.884213 -41.746950 -56.291204 1.022551
20 -12.714625 31.242267 -19.695750 -19.351154 10.010316 12.415850 -21.880156 -57.855722 -13.792269 -33.348493 -32.795958 -20.972480 11.782658 11.848763 40.724382 41.570531 14.932246 -40.645515 -28.714200 112.873123 0.754140 18.554116 28.751643 -78.797291 45.103606
24 11.565259 30.133299 -1.136007 -32.361989 19.597148 -59.766345 4.490616 14.671143 12.493215 -55.419312 -34.555949 6.339251 -25.031660 -15.751872 16.038789 26.407826 5.617916 43.534036 9.073942 8.137639 35.180575 -50.735074 -5.915561 48.358051 -10.964923
12 -5.541717 0.796468 -35.725027 14.395312 -5.974971 4.545671 37.565138 0.045673 -45.679865 -14.579303 -20.363087 66.123215 -15.808033 -29.379531 35.183165 3.122724 13.097030 3.924428 2.373487 -29.777180 -7.743120 -47.233933 35.890058 8.128388 32.615013
9 -11.804082 -11.953423 -12.205373 50.919596 -42.109489 25.471591 27.057079 -59.412649 56.209337 31.228254 29.820791 23.998522 31.966841 -19.837025 -15.368957 -39.670398 13.488228 -55.501438 53.407182 -15.645273 27.789928 -91.709264 23.819651 -24.905633 4.946005
16 4.419915 19.272828 -20.165973 12.702607 45.869987 33.553600 -26.007887 -5.602487 -52.567353 -40.427601 -64.016145 -25.911183 14.648720 -31.603209 -1.947114 48.090980 -12.420299 14.220185 -5.987543 33.312682 21.049487 -0.363042 34.859716 8.265857 -3.246722
25 -12.691564 -53.901272 60.893462 68.394479 -9.941676 -39.341591 -7.389911 46.859519 -1.701533 72.998472 71.705197 -48.591040 -2.452972 5.265905 -21.224455 -94.679242 -37.653980 -32.834743 47.099497 32.655972 32.052268 -58.728811 -48.412322 -67.833616 99.453969
14 -4.015157 -81.586885 -103.826548 -8.930186 -78.289390 -11.320961 104.278161 31.057356 29.999496 33.110233 35.734168 81.068995 20.651021 142.894188 -14.214167 24.875849 36.811787 -107.622953 -26.540253 -23.816126 35.329275 5.764179 -45.740009 -22.908377 -52.763687
2 -6.424503 34.872111 -16.710257 9.213896 18.247402 33.437438 29.883485 -21.475143 -41.200146 -8.447223 -5.224938 -25.302104 -9.872364 7.706488 14.866646 11.223621 13.230696 13.559196 -3.011795 8.999174 10.670262 -55.429093 5.765786 -13.676880 -4.901747
23 -13.139638 5.667686 -35.107938 -36.763730 29.096808 -10.454221 22.870809 -4.284725 -38.234953 27.862315 -3.677488 -22.525364 -40.506536 -4.035595 10.286078 14.238068 36.528295 14.121754 -5.790235 10.269784 23.825012 -39.139311 58.187989 -33.189305 33.894446
21 25.603096 14.075676 -23.491515 -59.860242 -8.550253 -14.769438 16.341241 -25.199861 17.192924 -12.113730 -35.252350 4.121474 6.342140 15.374209 28.828501 32.799912 -14.398002 -8.245418 -4.185369 -8.947460 39.760934 -2.998175 14.325889 13.235417 -9.989592
17 -30.851405 -8.075144 -118.946360 -33.408202 -5.503313 -38.092461 11.999250 8.299628 -0.985661 1.037459 -9.673159 13.767654 3.587005 49.335330 7.641619 59.421755 60.555026 -43.849089 -33.121458 45.575754 34.083595 -3.259650 20.990008 -17.813986 27.285814
21 -23.709392 -45.054728 -63.578369 61.575708 -29.134731 -31.766303 -31.205164 -138.995235 0.698448 62.382028 52.740151 1.171814 1.343214 -22.191298 3.366551 -14.028941 49.253673 -108.850535 70.504788 -18.875887 115.116626 1.272761 57.571654 -7.984705 58.377892
21 -2.530944 15.220656 -70.823033 -94.114191 4.976352 4.991614 -30.013681 39.098252 -11.399728 -22.827732 -31.025919 -13.300409 12.711635 -24.334687 47.386751 25.804037 31.796194 -5.393670 6.800135 17.711126 68.636173 -28.500756 37.871995 -7.097983 28.357821
20 -4.455552 0.919615 3.158433 -10.725668 31.429102 -9.471887 8.239731 18.875013 17.073670 -49.809101 -19.213532 25.820637 14.190635 9.318124 54.436217 -25.471048 -31.542811 -57.800768 -19.965094 107.884564 8.135407 56.597673 2.494185 -94.689492 -35.428025
4 27.804515 -17.718845 -15.310397 64.364608 -21.371060 15.810257 26.545318 -10.273474 9.578289 24.082330 15.721934 11.408830 36.994542 13.756957 36.102592 -31.335349 -51.850734 -55.821249 19.557982 -53.022322 44.152992 -41.580590 16.496535 -11.330613 -52.763039
1 52.856373 35.720881 -17.365789 -7.970811 30.231528 -10.372468 4.983878 35.247281 37.920715 -32.515292 -46.755987 46.810551 23.252149 -61.808745 0.295554 -28.127718 -9.984297 -104.462388 -1.277075 37.132271 26.718281 -25.598171 -4.914193 26.792542 -6.809065
22 -21.553096 138.888172 -88.350829 -55.166989 60.432121 45.875092 -8.665261 -108.036800 -12.599259 33.520028 9.849207 -35.884547 -89.863018 65.085879 44.764549 8.731735 78.040524 -81.876842 58.279815 26.293762 -129.199804 177.687645 -60.451337 -40.079136 -15.721597
22 -20.446230 23.741291 8.422000 -38.274477 1.933618 -57.287639 -33.348158 -99.205395 3.437925 -4.869735 -61.299699 31.653106 -79.815304 15.796865 -1.092093 38.030112 -27.984770 43.137687 25.321053 28.080418 26.760649 74.108552 55.345404 -17.251123 65.105944
2 -23.510968 69.532208 -63.218822 -26.439138 16.374630 0.911267 4.380973 -42.365878 -4.353135 25.409575 -14.988284 -44.198663 -2.809139 -4.527487 32.170610 37.208937 -1.739091 -36.655696 23.708420 34.826354 -67.835993 60.215954 22.601535 -9.670758 14.972600
2 14.481145 97.712761 23.742473 -99.321276 66.570336 -16.506527 29.230911 -5.427289 -61.272879 -54.759419 -63.618510 -21.432365 50.557967 11.793130 24.860364 45.807282 -91.513052 23.284163 -7.798466 33.412590 -45.504990 69.895971 21.389794 -56.426949 10.842853
3 -22.240984 14.585976 119.760192 7.705079 75.157797 2.374569 6.644132 53.594921 -7.996276 18.544146 38.450911 16.090541 -10.372958 -10.716196 -58.076492 -90.964833 -12.505591 -71.214409 7.189706 20.179805 -48.990799 30.936981 -5.388318 -59.653046 -13.094854
13 20.351348 14.524353 -37.941247 -28.113525 5.901250 -57.492981 -4.265829 44.514930 -33.467851 26.910285 -64.320044 96.794463 128.705409 -12.314543 -33.085011 -24.924219 12.527407 -72.654986 15.062904 -21.714748 -22.269591 56.705546 -6.646969 -82.996066 80.209717
1 107.186172 -27.069246 -44.962058 -89.860822 87.779247 -12.266630 -6.996011 -45.447546 12.953012 -35.206005 -56.401092 -18.683566 81.010310 -29.198074 -35.212275 -7.216222 89.307347 -60.258639 39.859302 18.438612 71.136867 -38.793444 13.057821 -86.458266 73.301215
16 92.015512 15.979588 -103.390643 -92.604903 -5.759207 -13.147275 16.248948 -14.686441 -32.767203 -16.180142 -75.282643 53.964126 -30.479802 47.945076 82.813317 147.506554 43.243222 -53.614642 -61.120616 1.806669 -5.003120 79.999583 -27.430349 -11.312003 -38.743602
5 43.232094 60.633407 -95.064082 -61.571348 208.783759 -76.770008 -13.431574 -21.187004 -60.799714 -11.034120 27.272852 -136.763651 -109.506115 -10.725775 17.843941 10.335802 -84.490471 83.023226 -54.382770 91.070063 12.181939 65.485476 5.169116 108.938314 1.756648
4 27.732695 -7.262404 25.435394 54.106821 -49.595371 6.185708 31.277995 -64.560884 -62.635281 50.213926 29.039640 -23.164196 48.802136 6.280469 -19.090532 -11.671987 -14.005992 1.360296 34.010619 -60.621510 41.279063 -55.052815 33.964522 7.909385 -29.937687
21 2.225963 12.078910 32.776362 5.046256 -29.533491 45.821402 14.084793 -32.585879 -77.765009 -47.306514 19.635576 -19.436523 22.820430 -39.161183 26.383539 4.935084 9.920960 79.447169 58.097619 -57.910210 88.446638 -84.619960 81.617181 -49.733186 -65.285918
15 13.425148 8.295719 16.124739 -43.470888 37.070168 -11.727350 -17.509741 -24.887637 38.895406 7.066830 -27.828828 13.450757 -12.420846 0.015798 47.829930 -8.984929 25.256900 -15.289925 16.398262 -23.276754 20.614715 -3.739325 -16.773402 1.469453 -40.004190
23 5.949674 -17.042685 -45.966623 50.290511 7.070940 11.534952 26.409172 -25.091781 22.300764 -22.890372 -21.846457 -35.451443 4.492355 -31.936691 -27.253843 -25.548886 -21.488831 -16.085322 39.131809 24.855080 8.831348 -42.204949 87.712189 -17.856897 62.085988
11 -33.561814 24.136650 17.517517 -13.851626 -7.917429 3.735581 -3.718180 -67.424980 18.215282 22.474830 31.551956 4.202940 -51.249572 -12.164281 25.069718 0.185768 -25.882714 21.952552 12.432500 23.460982 25.247293 -27.643178 30.442532 3.441007 -20.653338
3 74.243959 63.553619 85.650281 -58.891952 -1.897938 31.052943 -24.118321 -30.553318 -24.729192 -17.551773 -34.736255 -5.475859 -24.163179 -47.235938 22.939402 21.031546 34.905781 53.805576 11.635375 -32.733693 -18.467369 -31.675228 -4.011628 1.300795 -43.877635
25 -14.072272 -47.515412 -81.308910 -0.907763 -19.654611 32.213986 32.689676 34.504412 -46.623911 -25.102706 6.018442 2.279447 11.616512 31.156479 0.312711 5.630931 10.066330 -2.010450 4.367943 29.404094 48.694658 -41.387506 -8.558402 -32.630707 70.817040
6 -21.076236 -25.237318 4.087054 13.167157 4.151458 71.570326 8.380887 43.819681 9.799013 31.950882 28.184517 13.031838 -6.373010 -6.654252 0.751709 -16.509591 -49.277221 -12.141262 3.329549 27.147311 4.362867 -94.339203 -2.544434 -58.967964 29.386246
3 -10.330777 -11.456585 57.307860 -91.260258 16.250839 -23.279540 25.959676 -43.512939 0.991980 7.243031 7.375096 35.258462 -40.258489 -9.124893 -9.826783 22.688340 37.420753 -10.571119 -19.586238 -8.657863 18.999468 8.089011 -6.211721 -6.254431 52.747126
7 7.336819 -31.007579 -96.030846 -9.801522 -68.867839 16.764766 105.944142 -17.045513 -62.475940 50.934783 43.265825 24.060579 -74.532643 72.613778 -52.659347 18.108487 0.034619 -3.821116 9.012018 64.145782 -8.657848 13.864977 -19.023641 -39.822529 57.659799
1 48.312581 7.339463 45.021070 3.437450 15.821644 35.508064 5.184700 -57.394781 34.381037 17.508638 24.382826 -40.723716 3.039794 -16.325346 16.087391 -54.306407 -61.140398 -19.690114 41.124586 -33.452293 -0.039901 -52.453474 -3.926412 1.880952 40.422649
13 -53.291346 -28.891321 0.410546 7.371944 48.302845 23.911860 33.318919 52.020554 35.218536 -33.180852 -34.382924 -91.478714 63.988204 -34.141978 20.746254 -69.642321 -50.190851 11.823198 5.631496 2.990329 36.263931 -33.867378 29.029027 25.749390 32.290656
2 45.041301 65.653768 21.902861 -41.460566 -48.239185 -15.978463 10.578381 60.717398 5.389911 -38.320690 -55.502257 49.452264 30.949295 -60.870309 10.279095 20.955861 -38.523585 -15.909067 -11.074917 5.841855 -78.953198 40.503518 -9.055484 44.383935 2.238282
24 56.604647 27.158022 47.716273 -7.802224 23.459395 -5.344393 -28.405693 -13.689751 29.732479 13.392777 -60.516324 2.702922 -27.063432 -32.905608 22.502330 -29.096023 -31.221311 -15.036486 1.910876 -29.484878 -3.822716 11.706620 -11.497183 62.160909 -3.161229
24 -42.078835 61.680427 4.453762 -34.725742 -13.848287 -53.419460 -38.883748 -14.749142 -9.166384 -18.419883 -47.775550 -11.461943 -39.366899 -11.277354 -13.747706 66.034950 -22.497877 14.537836 -31.601049 -33.112349 10.738040 47.712006 45.749631 161.528139 23.697420
13 -5.755359 15.293210 -43.646909 8.402257 -4.986028 -1.160384 17.101599 31.373207 -44.969945 -5.105092 -7.684496 31.617505 85.357392 -65.474625 -37.899846 -72.105311 -2.995910 -17.859499 44.154745 -76.496893 75.773004 29.797175 54.702547 -43.763216 36.330881
25 7.104141 -6.297985 -24.231219 38.070214 52.171916 8.341487 -5.188100 -78.144755 -2.432389 28.630217 13.886655 -11.582275 22.477374 48.684170 -7.816803 -46.582208 -63.843309 -51.324841 45.915604 -0.873269 -6.136503 -55.328872 5.837333 0.773343 87.890083
3 47.618265 50.525713 61.460488 3.449503 46.088986 33.469728 -54.219604 -30.803141 26.691795 -19.016467 8.372488 -35.900682 -44.864854 -48.312661 53.910820 -14.412843 -31.219186 29.316406 32.444753 -67.256971 35.679011 -1.558078 -34.004541 -24.057588 -23.401341
24 69.181365 15.199549 45.822637 -103.350507 16.589664 -23.211228 -15.547535 -18.512614 -1.078427 -53.042282 -42.001364 20.884317 18.459141 -54.281604 48.306625 6.565194 -43.908565 -1.279778 -33.086792 17.177615 19.017299 0.957983 -35.387866 130.079435 16.447748
23 21.777337 -52.262172 90.973968 20.808513 62.456939 16.434374 5.117126 -65.568758 -13.104936 7.519195 68.844599 -94.464181 -11.509145 -60.362224 -22.929848 -62.443907 -146.780874 33.700462 9.965285 56.823451 40.237860 -49.834118 93.213213 53.494200 -2.106347
25 19.763818 -79.657730 -47.200286 6.324646 -27.274123 23.036581 -32.765949 -83.519880 -16.674580 34.945572 -0.518551 36.265976 -11.910099 39.672565 17.968824 -9.578056 6.089989 23.231735 -28.070661 30.024395 2.812092 12.732930 31.136367 -3.025330 56.189764
8 -41.254604 9.460673 2.066435 -8.499122 -12.821298 22.945502 11.090916 36.784554 15.249837 32.731878 13.206086 -11.601791 12.985156 6.082635 35.756710 -73.291352 -20.614718 -71.053317 13.446850 23.989652 -4.787766 36.738810 -12.295083 -26.765518 10.448879
7 -17.744155 -31.233999 -6.745433 33.198101 36.649416 10.727760 62.362319 -10.202640 47.541065 8.788238 0.259705 -23.155650 15.325920 10.185130 -59.469994 -45.366759 -17.265745 -8.105777 14.516067 -5.896798 30.957134 -46.738346 18.198212 -15.115278 -1.668487
23 -14.421325 1.192984 20.324680 -45.310521 -15.830938 -14.763615 15.335881 4.905010 -48.477317 -19.159591 -47.879126 -31.051477 72.723757 -0.026762 -29.006629 -4.061735 47.845202 -10.992656 13.998517 -36.045036 -4.337184 -7.584450 82.510352 61.072894 9.039096
14 -10.175719 -14.170981 14.142197 38.086851 -30.223020 65.140805 27.178729 38.715588 -37.858416 37.677919 3.495487 -19.889109 9.802887 70.916953 47.309889 -40.381545 -47.748886 -87.752159 41.368876 23.757572 -15.679721 -0.627360 17.903344 -126.382306 -4.607879
25 -76.346232 -18.485306 -27.208502 77.756798 7.084720 59.583381 -22.856206 22.483153 60.852318 -24.571814 7.124363 23.579958 14.543755 -8.063443 -36.794159 -35.433389 -8.961972 -58.401619 17.505161 -54.511915 57.277827 24.195270 -15.923019 -72.244598 87.815491
23 27.374580 47.150981 24.047407 6.012777 29.242501 2.599782 -7.345661 -20.058980 -19.994465 -9.707702 15.087004 -36.929238 -1.803438 -8.265844 24.736542 7.417188 -42.485249 17.515360 -13.065620 11.115404 12.317682 -43.587058 55.302724 -52.903191 -23.773467
1 105.130416 -6.077053 7.177594 58.770280 45.061949 19.673402 23.350434 5.257881 11.560283 12.068062 4.711018 13.649025 -30.326966 -35.356533 4.242541 -69.603379 48.308938 -55.781434 -8.670756 -32.738222 -17.919398 -73.044974 -13.183002 3.144806 -19.404911
21 -6.076346 18.746224 20.065959 2.834641 40.451286 18.229668 -16.934927 -37.469854 -32.166955 3.537503 -45.842274 3.036319 -58.760720 -22.205438 -15.905379 46.124665 -36.189257 -19.309484 5.802268 -71.737010 90.957512 -16.888802 44.003585 20.729303 64.967514
11 -4.534710 -4.934246 48.730490 65.675573 -18.246184 -17.252597 25.020166 -35.189676 -20.414335 24.998893 71.894122 -79.033244 10.276303 -14.409102 -23.774787 -32.439120 -52.623044 -54.978860 40.364231 6.636460 69.674536 -62.028823 -6.288869 49.506407 13.370429
